4.98914e-05 1.74668 -19.0253 6.79166 -0.420658 0.597319 -0.37661 
4.98914e-05 1.70056 -19.0035 6.83187 -0.305732 0.958783 -0.149375 
4.98914e-05 1.74805 -18.9491 6.71345 0.373534 1.05059 -0.85895 
4.98914e-05 1.57722 -19.0414 6.81775 0.296255 1.45164 -0.0286697 
4.98914e-05 1.71155 -19.2768 6.7539 -1.15587 1.05357 -0.765528 
4.98914e-05 1.77377 -19.2275 6.90793 -1.32272 0.735361 -0.949179 
4.98914e-05 1.72321 -19.0964 7.08774 -0.269796 1.26011 -0.990094 
4.98914e-05 1.87995 -18.8495 6.83888 0.0504842 -0.282775 -0.304562 
4.98914e-05 1.65493 -19.4009 6.85289 -1.19057 0.523449 -0.303162 
4.98914e-05 1.38664 -18.9259 6.92955 -0.257155 1.5878 -0.677854 
4.98914e-05 1.71944 -19.3172 7.12714 -0.874196 0.472138 -0.670074 
4.98914e-05 1.65206 -18.5724 6.77571 0.319887 0.940697 -0.226099 
4.98914e-05 2.16159 -18.8812 6.79612 -0.104175 -0.00584978 -0.396799 
4.98914e-05 2.12088 -19.3624 6.8468 -0.931279 0.270801 -0.077978 
4.98914e-05 1.4715 -19.3077 6.84071 -1.24207 1.64637 -0.548432 
4.98914e-05 2.15075 -19.0276 6.85246 -0.805878 -0.141253 -0.733258 
4.98914e-05 2.22346 -19.0378 6.64587 -0.17268 0.067436 -0.7556 
4.98914e-05 1.41803 -19.1359 6.79922 0.172076 2.03977 -0.149379 
4.98914e-05 1.54944 -18.5984 6.84566 0.371327 1.50153 -0.179945 
4.98914e-05 1.68362 -19.5609 6.75448 -1.29157 1.09922 0.0543248 
4.98914e-05 2.07583 -19.5436 6.95116 -1.09369 0.427362 -0.34939 
4.98914e-05 1.46141 -19.4787 6.65674 -1.40067 0.927674 -0.52804 
4.98914e-05 2.16678 -19.0242 6.83742 -0.924705 -0.291555 -0.642423 
4.98914e-05 1.23008 -18.8605 6.77833 0.35698 1.5763 -0.454172 
4.98914e-05 2.1503 -19.1974 6.75854 -0.654429 -0.3614 -0.0245516 
4.98914e-05 2.23921 -19.3012 6.6314 -0.566507 -0.102189 -0.117002 
4.98914e-05 1.4482 -18.5914 6.88635 0.510369 1.45611 -0.444907 
4.98914e-05 2.47995 -19.2529 6.78522 -0.777921 0.272676 0.0386913 
4.98914e-05 1.97606 -19.5737 6.74358 -1.47002 0.543714 -0.526649 
4.98914e-05 1.45291 -18.4769 6.89252 0.351096 1.46992 -0.186204 
4.98914e-05 2.45412 -19.2197 6.87813 -0.439746 -0.0284652 -0.300068 
4.98914e-05 2.28789 -18.4368 6.8479 0.225811 0.427795 -0.187834 
4.98914e-05 0.829085 -19.1221 6.82213 -0.606283 1.4981 -0.455231 
4.98914e-05 1.67167 -18.3309 6.4984 0.343282 0.598957 -0.347661 
4.98914e-05 2.50841 -18.8976 6.9156 -0.0912329 0.0452222 -0.447489 
4.98914e-05 1.55929 -18.4886 6.665 0.721033 0.852511 -0.292454 
4.98914e-05 2.5644 -19.1414 6.74871 -0.31146 -0.0128288 -0.392295 
4.98914e-05 1.24927 -19.8273 6.77227 -1.18853 0.913441 -0.329526 
4.98914e-05 1.14872 -18.2009 6.87754 0.0557948 1.23182 -0.204071 
4.98914e-05 1.97222 -18.5137 6.84953 0.690246 0.42675 -0.0199706 
4.98914e-05 1.04334 -19.48 6.79954 -0.897226 1.66914 -0.309377 
4.98914e-05 2.57425 -19.4846 6.86642 -0.789214 0.144239 -0.247594 
4.98914e-05 2.67345 -18.6095 6.77504 -0.238481 0.152066 -0.488039 
4.98914e-05 2.44726 -18.4853 6.75528 0.149778 0.167097 -0.418668 
4.98914e-05 1.09467 -19.1343 6.79134 -0.36767 2.05291 -0.356643 
4.98914e-05 1.88294 -18.0792 6.76742 0.404785 0.723407 -0.326183 
4.98914e-05 1.94348 -18.195 6.81452 0.357698 0.332174 -0.61368 
4.98914e-05 2.55365 -18.5252 6.92515 -0.47841 0.0016523 -0.324906 
4.98914e-05 2.78222 -19.1521 6.73823 -0.623334 0.0807971 -0.445475 
4.98914e-05 1.31727 -18.3037 6.73294 0.331358 1.52621 -0.282597 
4.98914e-05 0.751095 -18.8431 6.74812 0.0687031 1.54655 -0.228337 
4.98914e-05 1.94697 -17.6968 6.77287 0.0349023 0.697682 -0.445108 
4.98914e-05 1.99474 -18.4574 6.82036 0.819129 0.544333 -0.172369 
4.98914e-05 1.10743 -18.112 6.7517 0.112925 1.43005 -0.454013 
4.98914e-05 2.62161 -18.3549 6.86149 0.229057 0.382113 -0.445252 
4.98914e-05 2.84469 -18.9156 6.60083 -0.30823 0.0956313 -0.527588 
4.98914e-05 1.40332 -19.6745 6.83072 -1.64578 1.05646 -0.436777 
4.98914e-05 2.52883 -19.5745 6.62877 -1.01735 0.0927727 -0.26286 
4.98914e-05 2.8203 -19.3234 6.77377 -0.868297 0.174327 -0.697358 
4.98914e-05 0.936909 -19.9345 6.77418 -1.09059 1.23735 -0.607996 
4.98914e-05 2.43994 -19.9752 6.596 -1.15764 0.612468 -0.176105 
4.98914e-05 2.57684 -18.5558 6.73386 -0.0236559 -0.0948092 -0.422608 
4.98914e-05 1.12928 -20.269 6.89918 -1.07585 0.972207 -0.329045 
4.98914e-05 2.1555 -20.0107 6.81149 -1.39616 0.68643 -0.402633 
4.98914e-05 1.41074 -19.8847 6.70443 -1.43589 1.29095 -0.241798 
4.98914e-05 0.858678 -19.4523 6.73139 -0.824089 1.83661 -0.413814 
4.98914e-05 2.5094 -19.3967 6.81011 -0.591785 -0.278484 -0.0396465 
4.98914e-05 0.80054 -19.0415 6.7804 -0.26833 1.93047 -0.141472 
4.98914e-05 1.34732 -20.2233 6.78986 -1.19742 1.20259 -0.185359 
4.98914e-05 1.82586 -20.3299 6.85381 -1.2383 0.664386 -0.428942 
4.98914e-05 1.99233 -18.094 6.82404 0.665652 0.698699 -0.335442 
4.98914e-05 2.79167 -19.5111 6.71548 -0.781588 -0.0332012 -0.237864 
4.98914e-05 2.41372 -19.6513 6.67499 -1.48548 0.491634 -0.0490564 
4.98914e-05 2.71208 -17.8239 6.90172 -0.00205544 0.375493 -0.32219 
4.98914e-05 0.397882 -18.8607 6.92521 -0.436822 1.67048 -0.472639 
4.98914e-05 0.54305 -19.4835 6.74388 -0.610887 1.6943 -0.0748077 
4.98914e-05 3.08145 -19.629 6.74923 -0.446663 0.0822502 -0.463221 
4.98914e-05 0.62727 -18.3783 6.76962 0.0992223 1.58879 -0.551188 
4.98914e-05 1.79805 -20.3383 6.76043 -1.34382 1.00046 -0.312621 
4.98914e-05 1.35613 -19.8827 6.75989 -1.52887 1.37997 -0.497532 
4.98914e-05 0.897524 -17.8731 6.7991 0.259606 1.33678 -0.458182 
4.98914e-05 0.517303 -18.2086 6.8124 0.0214245 1.54428 -0.328602 
4.98914e-05 0.565523 -18.1638 6.78216 -0.00748783 1.58362 -0.28422 
4.98914e-05 0.56704 -18.7602 6.69267 -0.285254 1.87707 -0.380386 
4.98914e-05 0.449541 -18.849 6.75291 -0.292048 1.82778 -0.412375 
4.98914e-05 2.80737 -18.4716 6.67832 -0.189819 -0.166993 -0.394948 
4.98914e-05 2.89839 -18.2861 6.8188 0.213407 0.154887 -0.345906 
4.98914e-05 2.35642 -20.314 6.88127 -1.25577 0.431045 -0.395829 
4.98914e-05 2.02935 -17.9321 6.62777 0.55691 0.36566 -0.353476 
4.98914e-05 2.74895 -18.0976 6.8187 0.103546 0.0405453 -0.474013 
4.98914e-05 0.538649 -19.5989 6.79556 -0.893566 1.73026 -0.627827 
4.98914e-05 0.138409 -19.2289 6.8694 -0.593989 1.65614 -0.246725 
4.98914e-05 2.19591 -19.7826 6.67189 -1.54178 0.120943 -0.244003 
4.98914e-05 2.95537 -19.3681 6.81013 -0.917195 -0.124375 -0.37665 
4.98914e-05 3.25412 -18.3481 6.80629 -0.169361 0.0666906 -0.466437 
4.98914e-05 2.62446 -20.133 6.79978 -1.27545 0.300286 -0.453383 
4.98914e-05 1.05665 -20.065 6.74447 -1.37179 1.47687 -0.447063 
4.98914e-05 1.7887 -20.3094 6.85938 -1.50784 1.04621 -0.591299 
4.98914e-05 2.80536 -20.2955 6.66682 -1.21807 0.47989 -0.438343 
4.98914e-05 0.741477 -20.1094 6.78017 -1.02102 1.67905 -0.351833 
4.98914e-05 1.28539 -17.7386 6.61933 0.583668 1.10256 -0.490197 
4.98914e-05 2.05105 -20.4129 6.79103 -1.47707 0.645381 -0.342826 
4.98914e-05 3.33389 -18.6579 6.8248 -0.0495306 0.00634432 -0.475052 
4.98914e-05 0.244904 -18.1506 6.74478 0.0214999 1.59719 -0.260667 
4.98914e-05 1.33969 -17.7296 6.81428 0.595868 1.28357 -0.377306 
4.98914e-05 3.1115 -19.6935 6.70355 -0.841411 -0.053869 -0.137407 
4.98914e-05 1.48678 -17.1065 6.7559 0.333957 0.734414 -0.488995 
4.98914e-05 0.404594 -18.4757 6.82649 0.118727 1.79133 -0.30878 
4.98914e-05 0.0866923 -18.1327 6.66726 -0.418585 1.68427 -0.421183 
4.98914e-05 1.89843 -17.4251 6.6782 0.556596 0.852925 -0.255766 
4.98914e-05 1.39731 -20.6808 6.76581 -1.35083 1.17823 -0.275886 
4.98914e-05 2.30324 -17.81 6.85141 0.647334 0.393382 -0.38503 
4.98914e-05 0.232958 -19.6843 6.7667 -0.428872 1.86695 -0.476932 
4.98914e-05 0.838451 -20.3883 6.77271 -1.234 1.50641 -0.376442 
4.98914e-05 1.22425 -17.743 6.78827 0.539806 1.48373 -0.190999 
4.98914e-05 1.20667 -20.7705 6.839 -1.36454 1.00969 -0.365452 
4.98914e-05 3.2854 -18.337 6.69683 -0.0696798 -0.0881104 -0.452613 
4.98914e-05 1.25344 -17.2754 6.98967 0.430672 1.21118 -0.375167 
4.98914e-05 0.0927986 -19.6107 6.83103 -0.767863 1.7879 -0.55247 
4.98914e-05 3.33223 -20.3568 6.78877 -1.08466 0.32641 -0.460772 
4.98914e-05 3.6801 -19.5462 6.83086 -0.779298 0.040862 -0.425265 
4.98914e-05 3.44122 -18.3785 6.80622 -0.198608 -0.108045 -0.449734 
4.98914e-05 3.62328 -19.6837 6.92718 -0.48944 -0.0445806 -0.444948 
4.98914e-05 3.61123 -19.9001 6.9616 -0.66896 0.0230161 -0.271193 
4.98914e-05 1.9149 -21.1572 6.8465 -1.27593 0.873259 -0.534175 
4.98914e-05 -0.0996881 -18.8903 6.8396 -0.525821 1.85426 -0.246493 
4.98914e-05 2.65693 -20.7038 6.82412 -1.26798 0.317189 -0.434533 
4.98914e-05 1.24322 -16.9595 6.73938 0.252035 1.41557 -0.365796 
4.98914e-05 -0.0628042 -17.9314 6.91694 -0.0427522 1.66347 -0.421295 
4.98914e-05 -0.12678 -19.5342 6.78149 -0.669468 1.81703 -0.201556 
4.98914e-05 3.38029 -17.7891 6.7554 0.0335267 0.0270475 -0.311785 
4.98914e-05 3.27671 -20.1291 6.74021 -1.08688 0.04089 -0.431205 
4.98914e-05 -0.511314 -19.2436 6.81618 -0.822767 1.63414 -0.346489 
4.98914e-05 -0.609884 -19.2045 6.79405 -0.545162 1.68507 -0.413624 
4.98914e-05 2.8547 -17.299 6.76787 0.451305 0.40715 -0.409643 
4.98914e-05 -0.498285 -19.6 6.66076 -0.762609 1.65687 -0.283211 
4.98914e-05 3.62492 -19.7134 6.84007 -0.803427 -0.109078 -0.306162 
4.98914e-05 2.06628 -17.2207 6.82609 0.664461 0.721263 -0.539562 
4.98914e-05 3.69983 -18.2561 6.86086 -0.0462353 -0.0653612 -0.465681 
4.98914e-05 2.82053 -17.1751 6.72738 0.428641 0.369842 -0.312051 
4.98914e-05 2.18841 -17.0594 6.82188 0.600604 0.64438 -0.283182 
4.98914e-05 -0.36992 -18.9747 6.79598 -0.385472 1.8777 -0.27998 
4.98914e-05 3.95646 -19.1293 6.82192 -0.627373 -0.113947 -0.452807 
4.98914e-05 -0.259694 -20.469 6.82267 -0.991612 1.546 -0.439378 
4.98914e-05 1.21448 -21.4311 6.81127 -1.31136 1.07661 -0.402127 
4.98914e-05 3.68087 -17.4869 6.90554 0.0921335 0.127761 -0.39698 
4.98914e-05 4.13281 -18.0264 6.81791 -0.0105924 0.106705 -0.449787 
4.98914e-05 -0.32991 -18.9138 6.99909 -0.439583 1.92308 -0.23728 
4.98914e-05 2.8228 -16.9362 6.87092 0.389353 0.321698 -0.343609 
4.98914e-05 0.833493 -17.3191 6.94166 0.634954 1.30424 -0.378569 
4.98914e-05 -0.503363 -17.9738 6.73143 0.00804478 1.6955 -0.383181 
4.98914e-05 3.73848 -17.7874 6.7303 0.148928 0.0263877 -0.362069 
4.98914e-05 3.4901 -20.5974 6.81596 -1.15722 0.127686 -0.35775 
4.98914e-05 0.85608 -16.8341 6.66459 0.584255 0.847478 -0.313996 
4.98914e-05 -0.0976738 -20.9212 6.77016 -1.09099 1.50372 -0.289227 
4.98914e-05 -0.10037 -20.719 6.75769 -1.08541 1.60276 -0.433313 
4.98914e-05 2.80353 -16.6635 6.74672 0.395112 0.363048 -0.431654 
4.98914e-05 2.53064 -21.1642 6.71389 -1.41489 0.365368 -0.296816 
4.98914e-05 4.35488 -19.3262 6.7818 -0.394758 -0.116668 -0.425004 
4.98914e-05 0.879972 -16.5738 6.74402 0.486419 1.21916 -0.296856 
4.98914e-05 0.937698 -21.5009 6.85658 -1.38333 1.17577 -0.328329 
4.98914e-05 2.42022 -16.2792 6.731 0.471091 0.679776 -0.43517 
4.98914e-05 3.42846 -16.9667 6.70242 0.445552 0.39697 -0.480721 
4.98914e-05 3.93382 -17.6413 6.77849 0.101961 -0.0234641 -0.283192 
4.98914e-05 4.71206 -19.1531 6.68717 -0.521851 -0.039934 -0.335062 
4.98914e-05 4.35574 -17.6248 6.79117 0.0227273 0.0603831 -0.39176 
4.98914e-05 2.6057 -21.5091 6.79387 -1.36165 0.379897 -0.509123 
4.98914e-05 4.40896 -18.8251 6.93994 -0.359734 -0.17849 -0.365359 
4.98914e-05 1.37703 -22.0169 6.85064 -1.36115 0.898606 -0.303914 
4.98914e-05 2.07824 -21.9499 6.83119 -1.3752 0.624179 -0.379077 
4.98914e-05 -0.980662 -18.1498 6.80311 -0.137052 1.81452 -0.282496 
4.98914e-05 4.68 -20.3375 6.75136 -0.961902 0.133867 -0.413901 
4.98914e-05 -1.13432 -17.7029 6.80137 -0.0635542 1.70012 -0.331665 
4.98914e-05 4.4199 -20.6103 6.69118 -1.02079 0.104355 -0.3305 
4.98914e-05 4.63909 -19.2067 6.68079 -0.589841 -0.166387 -0.384629 
4.98914e-05 0.0298085 -16.3295 6.76332 0.318664 1.43808 -0.403892 
4.98914e-05 -0.121592 -16.2541 6.73472 0.321544 1.36489 -0.456972 
4.98914e-05 3.1983 -16.3042 6.74557 0.388549 0.27393 -0.34341 
4.98914e-05 4.66531 -19.8451 6.73261 -0.786671 -0.113567 -0.271565 
4.98914e-05 -0.737291 -16.7543 6.77971 0.25522 1.49755 -0.347301 
4.98914e-05 4.25207 -16.9169 6.95291 0.190778 0.104193 -0.352975 
4.98914e-05 -0.817002 -17.1999 6.7824 0.0993706 1.74097 -0.380159 
4.98914e-05 -0.90711 -20.8984 6.84742 -1.06094 1.65381 -0.357131 
4.98914e-05 0.0305357 -16.3356 6.77982 0.477547 1.36393 -0.382511 
4.98914e-05 -1.41983 -18.6715 6.74347 -0.218239 1.89096 -0.41948 
4.98914e-05 4.6019 -17.1698 6.99507 0.153234 0.0504255 -0.361687 
4.98914e-05 -1.58324 -20.1378 6.87618 -0.692366 1.8076 -0.386494 
4.98914e-05 4.50417 -16.639 6.81595 0.189314 0.124285 -0.391219 
4.98914e-05 1.18553 -15.6086 6.82329 0.567466 1.08435 -0.41706 
4.98914e-05 1.27953 -15.59 6.65829 0.601533 0.891222 -0.377571 
4.98914e-05 -1.60489 -17.19 6.76484 -0.0218129 1.71603 -0.334058 
4.98914e-05 -1.85045 -19.3933 6.72173 -0.539458 1.87561 -0.410255 
4.98914e-05 -2.28426 -18.8544 6.7699 -0.400261 1.78402 -0.36148 
4.98914e-05 5.10256 -20.6427 6.76045 -0.784443 -0.109402 -0.326014 
4.98914e-05 5.60158 -20.3356 6.72301 -0.689971 -0.0620768 -0.375018 
4.98914e-05 2.06446 -22.8115 6.69648 -1.47219 0.801411 -0.415891 
4.98914e-05 0.894414 -14.8043 6.81044 0.475184 1.06674 -0.358699 
4.98914e-05 0.839971 -15.0051 6.78578 0.533975 1.08896 -0.368965 
4.98914e-05 0.27032 -22.7361 6.87042 -1.42447 1.1813 -0.331099 
4.98914e-05 -2.24266 -18.3065 6.81367 -0.223421 1.87894 -0.360988 
4.98914e-05 5.59712 -21.4407 6.84743 -0.959632 0.072001 -0.409667 
4.98914e-05 1.29801 -14.4225 6.68757 0.51248 0.884495 -0.361608 
4.98914e-05 0.086875 -14.9941 6.77187 0.547981 1.17378 -0.366692 
4.98914e-05 5.03852 -15.7196 6.89726 0.309122 0.200646 -0.382888 
4.98914e-05 -3.09527 -19.0046 6.60213 -0.470874 1.84915 -0.384106 
4.98914e-05 3.1139 -24.0802 6.76018 -1.37183 0.601789 -0.376014 
0.000104525 -0.885834 9.10746 -3.11774 0.197788 0.0381883 -0.381957 
0.000104525 -0.830862 9.19414 -3.47646 0.983549 -0.896403 0.388387 
0.000104525 -0.966871 9.14295 -3.27138 0.531086 -0.942676 -1.22771 
0.000104525 -0.569871 9.0011 -3.44697 0.539542 -1.41724 0.549521 
0.000104525 -1.07132 9.37695 -3.21915 0.676165 0.117614 -0.757118 
0.000104525 -1.22783 9.28502 -3.2271 0.622782 -0.16105 -0.864592 
0.000104525 -0.67922 9.02642 -2.81561 -0.838648 -0.0824216 0.482775 
0.000104525 -0.338676 9.01904 -3.45409 0.411648 -1.38134 0.595943 
0.000104525 -1.02554 9.51635 -3.63442 0.819274 -0.661692 -0.559879 
0.000104525 -0.686234 9.53975 -3.58092 0.833494 -1.24801 -0.0769552 
0.000104525 -0.934161 9.09497 -2.94732 -0.974665 -1.03739 -1.0078 
0.000104525 -1.30226 9.51202 -3.17067 1.04832 0.027827 -0.438029 
0.000104525 -1.01186 9.42693 -3.71879 1.06089 -0.767407 -0.676513 
0.000104525 -1.00366 9.2502 -3.60281 1.02669 -1.46608 -0.783254 
0.000104525 -0.606931 8.77008 -2.67161 -0.823532 -0.408011 0.7612 
0.000104525 -0.233475 8.77341 -3.12908 -0.635754 -0.512214 1.09218 
0.000104525 -0.543964 8.90079 -2.92488 -1.1582 0.0596024 0.996461 
0.000104525 -1.53599 9.50185 -3.20969 0.402782 0.13963 -0.762037 
0.000104525 -0.15751 9.27626 -3.70055 1.0088 -0.754566 0.782511 
0.000104525 -0.559755 9.22116 -2.91435 -0.990026 -0.943954 1.23096 
0.000104525 -0.341222 9.00585 -3.85865 1.19715 -1.06814 0.489161 
0.000104525 -0.614269 9.59817 -4.19023 0.999177 -0.367705 0.470723 
0.000104525 -0.643776 9.54295 -3.94659 1.19141 -1.07862 0.346217 
0.000104525 -0.825202 8.54063 -2.37 -0.597868 0.17557 0.358603 
0.000104525 -1.71735 9.5562 -3.02323 0.222999 -0.274075 -0.84903 
0.000104525 -1.59828 9.18065 -2.70903 0.0139464 0.353977 -0.703477 
0.000104525 -0.952868 8.3265 -2.4978 -0.731659 -0.147717 0.132689 
0.000104525 -0.527882 8.40614 -2.49129 -0.775526 -0.303834 0.627231 
0.000104525 -1.59297 9.64603 -3.30861 0.837968 0.252466 -0.647058 
0.000104525 -0.328123 9.311 -4.16837 1.08186 -1.05365 0.332466 
0.000104525 -0.03044 9.1827 -3.78355 0.365305 -1.27451 1.01627 
0.000104525 -1.25423 8.89872 -2.33497 -0.551131 0.368615 0.682193 
0.000104525 -0.203519 9.21195 -4.41867 0.949229 -0.816427 0.157178 
0.000104525 -1.46811 9.84181 -3.92012 0.945269 -0.276235 -0.558132 
0.000104525 -0.309788 7.97372 -2.31082 -0.262176 -0.235511 0.61778 
0.000104525 -0.365464 8.14382 -2.52717 -0.667576 -0.321866 0.623953 
0.000104525 0.0294784 9.30188 -4.40041 0.836009 -0.85689 0.516896 
0.000104525 -0.966088 9.67052 -4.47299 1.10713 -0.555149 -0.0041723 
0.000104525 -0.0594161 8.18494 -2.39166 -0.228292 -0.577152 0.931098 
0.000104525 -0.16441 7.97883 -2.499 -0.321366 -0.655428 0.788095 
0.000104525 -0.122345 8.24809 -2.34161 -0.453858 -0.21701 0.842275 
0.000104525 -0.957019 8.81677 -2.44573 -1.01949 0.340207 -0.332816 
0.000104525 -1.16578 8.55795 -2.11995 -0.870637 -0.121579 0.324178 
0.000104525 -0.617137 9.50374 -4.27071 1.23208 -1.1527 0.349259 
0.000104525 -0.928124 9.70411 -4.89311 0.677338 -0.82393 0.0192895 
0.000104525 -1.4821 9.82827 -4.12149 0.909572 -0.957453 -0.509153 
0.000104525 -0.219258 9.15274 -4.05445 1.42459 -1.10936 0.378982 
0.000104525 0.340894 8.12258 -2.67793 -0.485461 -0.59059 0.739809 
0.000104525 -1.99757 9.36874 -2.76028 0.147676 0.0602335 -0.920975 
0.000104525 -0.0335095 8.57921 -3.36802 0.0246608 -1.0786 1.52085 
0.000104525 -0.356677 9.43302 -4.62357 1.14975 -0.832002 0.0274998 
0.000104525 0.429788 8.93906 -4.13519 0.555693 -1.0878 0.882015 
0.000104525 -0.859497 8.35889 -1.83907 -0.755578 -0.0884666 0.321916 
0.000104525 -0.0173389 8.94575 -4.25114 0.925135 -1.14696 0.851495 
0.000104525 -1.9945 9.23687 -2.2094 -0.336584 0.253325 -0.456128 
0.000104525 -0.530509 8.13616 -2.3155 -0.690341 -0.0979416 0.94503 
0.000104525 -2.40506 10.0147 -3.27538 0.485543 -0.123796 -0.623677 
0.000104525 -0.771623 9.7818 -4.60814 1.20055 -0.805413 -0.179277 
0.000104525 -1.45265 10.007 -4.28418 1.3019 -0.623647 -0.109558 
0.000104525 0.791672 8.20781 -3.37779 -0.0681689 -0.865589 0.938517 
0.000104525 -2.36762 9.67339 -2.71433 -0.360052 0.00589529 -0.578568 
0.000104525 0.643016 8.49795 -3.66941 0.0429187 -1.27339 0.848716 
0.000104525 -0.0385456 8.82264 -4.23254 0.866624 -1.16009 1.0416 
0.000104525 -0.0842339 9.67007 -4.69171 1.01827 -1.00461 0.511678 
0.000104525 -1.95079 10.1989 -3.6507 0.733815 -0.242461 -0.808443 
0.000104525 0.686683 8.37115 -3.7658 0.177038 -0.842649 1.15305 
0.000104525 0.335682 8.40586 -3.24591 -0.2199 -0.762766 1.42453 
0.000104525 -0.504209 9.60479 -4.58435 1.31969 -0.507498 -0.447507 
0.000104525 -2.15402 10.3193 -3.81938 0.649184 -0.00791693 -0.641754 
0.000104525 -2.12967 8.96636 -1.88627 -0.551004 0.0202438 -0.391698 
0.000104525 -2.24554 9.68338 -2.79128 0.298202 0.277998 -0.841182 
0.000104525 -1.51891 10.3477 -4.62919 1.08407 -0.846095 0.0139221 
0.000104525 0.270171 8.70082 -3.79994 0.921067 -1.33038 1.05186 
0.000104525 -0.172803 8.01074 -1.91626 -0.850306 -0.366926 0.553802 
0.000104525 -2.42587 9.37351 -2.39633 -0.148024 0.374613 -0.562307 
0.000104525 -2.28023 9.43662 -2.22874 -0.225433 0.248637 -0.674428 
0.000104525 -0.749653 10.1233 -4.71909 1.29441 -0.723695 -0.0889895 
0.000104525 -1.20534 10.0846 -4.77592 1.2335 -0.904591 0.108587 
0.000104525 -1.19441 8.05657 -1.54791 -0.66742 -0.113471 0.706243 
0.000104525 0.454496 8.80938 -3.93949 0.708682 -1.17094 1.23784 
0.000104525 -1.14847 8.2576 -1.44465 -0.775951 0.00609776 0.463864 
0.000104525 0.856389 8.33816 -3.4152 0.033128 -0.785231 1.30415 
0.000104525 0.331454 9.24666 -4.51367 1.03146 -1.22969 0.723691 
0.000104525 0.792683 9.36887 -4.78106 0.787439 -1.01931 0.682474 
0.000104525 0.269382 9.37966 -5.23343 0.916792 -1.04965 0.358504 
0.000104525 0.717572 7.96094 -2.63941 -0.0667526 -0.732538 1.25406 
0.000104525 -2.63835 9.43836 -2.14028 0.439833 0.388351 -0.534976 
0.000104525 -2.50848 10.2147 -3.47198 0.476747 -0.0497028 -0.897674 
0.000104525 -1.33074 10.1885 -4.72463 1.35371 -0.619807 -0.241647 
0.000104525 -0.7471 8.00511 -1.49133 -0.781224 0.174148 0.423918 
0.000104525 -3.02599 10.0221 -2.78399 0.0273502 0.0600595 -0.667161 
0.000104525 -2.00232 8.73384 -1.45249 -0.588422 0.364448 -0.0592123 
0.000104525 -2.02503 8.74053 -1.44459 -0.666228 0.168697 -0.266169 
0.000104525 -1.41281 8.49362 -1.49586 -0.847726 0.285607 0.00914058 
0.000104525 0.294238 7.70764 -1.68554 -0.645002 -0.196255 0.76836 
0.000104525 -2.56655 10.6681 -3.88819 0.927145 -0.0709786 -0.485536 
0.000104525 -0.297747 10.0684 -5.14972 1.0596 -1.19752 0.289569 
0.000104525 -1.25875 10.3859 -4.95224 1.29389 -0.659035 -0.240688 
0.000104525 -2.91357 9.69183 -2.34598 0.213166 0.181681 -0.780692 
0.000104525 -2.94172 10.5491 -3.27717 0.314462 -0.151105 -0.802354 
0.000104525 0.0127 7.31272 -1.69826 -0.469087 -0.412979 0.989826 
0.000104525 1.44428 8.67236 -4.54034 0.127978 -0.983766 1.00333 
0.000104525 0.939813 7.39257 -2.9475 -0.293949 -0.750959 1.07012 
0.000104525 -2.55694 10.2551 -3.49922 0.784141 -0.133173 -0.947223 
0.000104525 -0.429018 7.50661 -0.893208 -0.662339 -0.212245 0.495064 
0.000104525 -1.34502 7.93904 -1.16705 -0.886029 -0.0568932 0.327017 
0.000104525 -2.25156 10.6079 -4.69741 1.06899 -0.287574 -0.517849 
0.000104525 0.695491 7.59075 -2.34787 -0.469707 -0.781577 1.14082 
0.000104525 -1.61053 10.2299 -4.31589 1.4704 -0.763335 -0.554445 
0.000104525 -2.95366 10.0447 -2.50656 0.0338218 0.147338 -0.857016 
0.000104525 -1.88429 10.5795 -4.94671 1.11606 -0.474699 -0.559605 
0.000104525 -3.40346 9.81883 -2.18124 0.0393626 0.275594 -0.554284 
0.000104525 -0.633664 10.5324 -5.7136 1.0775 -0.874656 -0.120547 
0.000104525 -3.36821 9.67881 -1.7186 -0.227589 0.194196 -0.455841 
0.000104525 0.604474 9.85203 -5.60754 1.05475 -0.972166 0.43991 
0.000104525 -2.16151 8.61971 -1.14101 -0.767453 0.183882 -0.232808 
0.000104525 -2.81504 10.8456 -4.06117 0.916478 -0.19324 -0.651855 
0.000104525 1.7219 8.08596 -4.38199 0.240925 -0.925042 1.07751 
0.000104525 -1.9427 11.281 -5.68961 0.836185 -0.764726 -0.228334 
0.000104525 0.426269 7.14901 -1.43688 -0.558525 -0.519896 0.934053 
0.000104525 -0.412008 7.67386 -0.809581 -0.766853 -0.117999 0.642387 
0.000104525 1.49229 8.79446 -4.90473 0.288345 -1.24891 0.928351 
0.000104525 -3.12988 10.3909 -3.56642 0.588338 0.0136316 -0.895334 
0.000104525 -1.44733 7.66972 -0.686108 -0.804888 0.012055 0.144946 
0.000104525 -3.41497 9.54907 -1.60764 0.009404 0.143884 -0.715379 
0.000104525 -2.17434 10.8633 -5.1725 1.0979 -0.579077 -0.50566 
0.000104525 1.56589 8.08598 -3.91466 0.205133 -0.963497 1.30667 
0.000104525 -1.02077 10.6359 -5.71672 1.20567 -0.9266 -0.145607 
0.000104525 -2.87752 10.6554 -3.69607 0.372396 0.0307943 -1.03184 
0.000104525 1.44434 9.08318 -5.32864 0.638793 -1.27257 0.763534 
0.000104525 0.461222 7.36062 -1.40916 -0.778403 -0.270134 0.913488 
0.000104525 0.0563792 10.1258 -6.05095 1.16276 -1.01757 0.239975 
0.000104525 -2.74937 10.9646 -4.62324 0.881647 -0.202691 -0.780038 
0.000104525 1.14427 7.80168 -2.90034 -0.227418 -0.872388 1.47098 
0.000104525 -1.32132 10.8495 -5.54062 1.25182 -0.674473 -0.430006 
0.000104525 2.36673 7.41009 -3.67355 0.144512 -0.898044 1.0379 
0.000104525 -3.58569 11.3027 -4.22453 0.809728 -0.299221 -0.597339 
0.000104525 1.38749 9.52609 -5.78212 1.01679 -1.03777 0.567827 
0.000104525 2.07931 8.264 -4.68892 0.579443 -1.06559 1.0193 
0.000104525 0.307185 6.82542 -1.36836 -0.758929 -0.423148 0.884568 
0.000104525 -2.45665 11.3911 -4.94548 1.03266 -0.456816 -0.635203 
0.000104525 -2.46733 11.0726 -4.88114 1.01738 -0.317589 -0.793309 
0.000104525 1.25336 9.07298 -5.48981 0.8914 -1.25789 0.831457 
0.000104525 -3.73528 9.75823 -1.59113 -0.318341 0.273803 -0.610229 
0.000104525 -1.57022 7.52675 -0.395911 -0.872597 0.0562819 0.406409 
0.000104525 2.5709 7.48772 -4.01393 0.431744 -0.963189 1.02969 
0.000104525 -3.51319 9.69018 -1.73628 -0.235642 0.310115 -0.793902 
0.000104525 -3.6578 11.0635 -3.87345 0.447612 0.0399601 -0.880064 
0.000104525 1.78896 7.09539 -2.45655 -0.321958 -0.711093 1.24584 
0.000104525 -1.54748 11.152 -6.28425 1.17332 -0.718845 -0.281148 
0.000104525 0.373993 6.58732 -0.768828 -0.764462 -0.0432184 0.635726 
0.000104525 -4.50938 10.6324 -2.54989 0.392537 0.0509686 -0.735008 
0.000104525 2.44952 7.60492 -3.85435 0.0397673 -1.0033 1.19089 
0.000104525 -2.87815 8.74671 -0.00787091 -0.616061 0.291237 -0.128142 
0.000104525 2.05079 8.86718 -5.49333 0.693636 -1.09962 1.03722 
0.000104525 2.3024 8.7892 -5.33939 0.685447 -1.0589 1.03086 
0.000104525 0.176934 6.88153 -0.753312 -0.801694 -0.221675 0.953536 
0.000104525 -3.2984 11.5667 -4.98928 0.93425 -0.26953 -0.71648 
0.000104525 1.86445 9.37395 -6.27845 0.878484 -1.15083 0.695211 
0.000104525 2.04754 6.87071 -1.75901 -0.420677 -0.470872 1.16986 
0.000104525 1.94193 7.03902 -2.47167 -0.283272 -0.778376 1.33682 
0.000104525 0.714266 10.422 -6.70384 1.16588 -1.0835 0.242382 
0.000104525 3.08118 7.59097 -4.41213 0.246084 -0.975288 1.10987 
0.000104525 -4.34686 10.8174 -2.51621 0.24429 0.148895 -0.889588 
0.000104525 2.51392 6.72539 -2.77951 -0.308555 -0.737156 1.18867 
0.000104525 -2.66007 11.6667 -5.94403 1.16149 -0.545543 -0.498226 
0.000104525 1.90246 6.36406 -0.900302 -0.604911 -0.420456 0.904991 
0.000104525 2.41344 6.47366 -2.25562 -0.415056 -0.605379 1.14992 
0.000104525 -1.56615 11.4647 -6.4359 1.1851 -0.699328 -0.536609 
0.000104525 1.03874 6.36498 -0.49677 -0.725572 -0.293748 0.91722 
0.000104525 -1.853 7.38043 0.706416 -0.745642 0.266477 0.257502 
0.000104525 1.60494 10.2924 -7.23602 1.04227 -1.02496 0.445158 
0.000104525 2.74836 6.20893 -1.95608 -0.380875 -0.551188 1.10509 
0.000104525 3.18254 7.30405 -4.1078 0.229164 -0.930559 1.25789 
0.000104525 3.28231 7.56509 -4.84126 0.425053 -1.02507 1.1395 
0.000104525 0.632446 6.24114 0.0437949 -0.850337 -0.211913 0.70492 
0.000104525 -4.92846 10.9216 -2.14889 0.271456 0.246767 -0.8208 
0.000104525 3.28199 7.4889 -4.0705 0.0630596 -0.964878 1.27961 
0.000104525 0.290772 5.83557 0.859372 -0.718393 -0.186657 0.598902 
0.000104525 2.49372 9.39123 -6.97236 0.962796 -1.14599 0.612641 
0.000104525 -4.09036 8.53089 0.503953 -0.348918 0.393617 -0.437712 
0.000104525 -5.08541 11.5996 -3.40357 0.468541 0.0203646 -0.892596 
0.000104525 3.96929 7.32909 -4.83327 0.308633 -0.973252 1.11981 
0.000104525 -5.4074 10.9182 -1.96909 0.0865414 0.299793 -0.756432 
0.000104525 -2.28867 12.3407 -7.28675 1.14256 -0.591615 -0.410435 
0.000104525 2.7929 5.95703 -1.61821 -0.468211 -0.680958 1.15518 
0.000104525 4.14505 6.33483 -3.2661 0.047538 -0.863197 1.15974 
0.000104525 3.90217 6.55797 -3.44085 -0.0934716 -0.836319 1.237 
0.000104525 3.99913 7.50154 -5.08392 0.392681 -1.03243 1.17096 
0.000104525 -5.57748 10.5633 -0.809329 -0.0921586 0.249243 -0.744226 
0.000104525 3.80894 5.85701 -2.90689 -0.189782 -0.870114 1.16938 
0.000104525 4.24101 6.96074 -4.65827 0.0468554 -0.982263 1.19934 
0.000104525 3.51299 9.08562 -7.40047 0.800532 -1.13093 0.815597 
0.000104525 -5.9099 10.7252 -1.18535 -0.000934675 0.315229 -0.767902 
0.000104525 1.47305 5.25865 0.876865 -0.710406 -0.243802 0.870433 
0.000104525 -5.83365 12.5482 -4.27574 0.710565 -0.083255 -0.817194 
0.000104525 4.74467 6.72497 -4.58112 0.137119 -0.98355 1.20557 
0.000104525 -4.90638 12.9195 -5.91448 1.01184 -0.304472 -0.697532 
0.000104525 0.274927 5.48509 1.76947 -0.849015 -0.143623 0.690921 
0.000104525 0.196248 5.37335 1.96158 -0.827069 -0.0376461 0.62566 
0.000104525 0.902548 5.27619 1.54916 -0.853163 -0.13382 0.73858 
0.000104525 -3.12927 6.54184 2.69147 -0.798048 0.186641 0.104114 
0.000104525 3.86765 9.84605 -8.78037 0.918119 -1.12203 0.686378 
0.000104525 3.90918 4.63616 -0.395166 -0.49233 -0.582955 1.15417 
0.000104525 6.14117 5.45935 -3.85828 0.0505568 -0.95771 1.19458 
5.25685e-05 1.74261 -19.1025 6.75803 -0.484737 1.24121 -0.447797 
5.25685e-05 1.69596 -19.1021 6.82177 -0.184483 1.32718 -0.276093 
5.25685e-05 1.82327 -18.9724 6.81716 -0.87708 0.67591 -0.161133 
5.25685e-05 1.82929 -19.1228 6.80757 -0.747512 0.534314 -0.612144 
5.25685e-05 1.71498 -19.0336 6.89185 -0.58774 1.38361 -0.0535305 
5.25685e-05 1.82038 -19.016 6.71391 0.13605 1.13875 -0.38001 
5.25685e-05 1.77556 -19.0452 6.8309 -1.0571 0.241888 -0.85571 
5.25685e-05 1.65677 -18.9453 6.77728 -0.78048 1.12566 -0.907537 
5.25685e-05 1.8327 -19.0556 6.68245 -0.532963 1.08247 0.110989 
5.25685e-05 1.84364 -19.1 6.70187 -0.740392 0.646422 0.108586 
5.25685e-05 1.64586 -19.062 6.76674 0.0769196 0.0715985 -0.397335 
5.25685e-05 1.78497 -18.9903 6.9155 0.244841 0.979501 -0.676832 
5.25685e-05 1.77151 -18.8714 6.68853 -0.348372 0.898887 -0.143511 
5.25685e-05 1.75574 -18.9061 6.8035 0.134226 1.09379 0.285402 
5.25685e-05 1.69616 -19.0793 6.64027 -0.564274 0.415533 0.00797203 
5.25685e-05 1.95545 -18.9862 6.8309 -0.787751 0.866117 -0.277532 
5.25685e-05 1.71378 -19.0679 6.72457 -1.00409 1.5014 0.366269 
5.25685e-05 1.86835 -18.875 6.83849 0.00250968 1.11312 -0.162038 
5.25685e-05 1.82211 -19.0247 6.77316 -0.92956 -0.212605 -0.129991 
5.25685e-05 1.95742 -18.9263 6.83718 -0.582188 0.773578 -0.65298 
5.25685e-05 1.64354 -19.0691 6.7835 0.0908188 0.404389 0.554646 
5.25685e-05 1.74309 -19.1708 6.66125 0.134034 1.04139 0.0373431 
5.25685e-05 1.91012 -19.0433 6.96433 -0.178871 1.10095 -0.477139 
5.25685e-05 1.60444 -19.013 6.81524 0.0552762 1.2237 -1.24736 
5.25685e-05 1.71755 -18.8278 6.78316 -0.355466 0.454517 0.251858 
5.25685e-05 1.61416 -18.9798 6.84614 -0.494454 1.90945 -0.330876 
5.25685e-05 1.73609 -18.7809 6.79208 -0.285087 1.32067 -0.547 
5.25685e-05 1.80994 -19.0433 6.97869 -0.789562 1.55714 -0.461419 
5.25685e-05 1.51488 -19.2005 6.77057 -0.0991803 0.979116 -0.547406 
5.25685e-05 1.8264 -19.128 6.91718 -0.871842 1.08889 -1.24668 
5.25685e-05 1.89459 -18.9881 6.67501 -1.28319 0.716401 -0.607531 
5.25685e-05 1.81634 -19.026 7.00083 -0.017389 0.492532 0.114688 
5.25685e-05 1.70718 -18.9457 6.70057 -0.995421 1.90524 -0.391113 
5.25685e-05 1.56898 -18.8497 6.79006 -0.221755 1.01365 0.285665 
5.25685e-05 1.67191 -18.9831 6.75713 -0.275051 0.927606 0.984958 
5.25685e-05 1.60297 -19.0137 6.94433 -0.811507 0.839146 0.462532 
5.25685e-05 1.70126 -18.8648 6.86407 -0.550655 0.464077 -1.35763 
5.25685e-05 1.8897 -19.0455 7.01063 -0.276247 0.25901 -0.557074 
5.25685e-05 1.70416 -18.9081 6.95693 -0.254367 0.065071 -0.86413 
5.25685e-05 1.95381 -19.1436 6.84695 -0.529992 1.01691 -1.2756 
5.25685e-05 1.50664 -19.1303 6.80289 -0.785868 1.12622 0.368674 
5.25685e-05 1.52806 -19.1111 6.68524 -0.810052 1.55566 -0.0863243 
5.25685e-05 1.5409 -19.131 6.75085 -1.34821 0.541032 -0.0972381 
5.25685e-05 1.69236 -19.1949 6.85263 0.294626 1.17256 -1.31986 
5.25685e-05 1.6437 -19.1387 7.08833 -0.484273 0.94921 -0.656466 
5.25685e-05 1.61675 -18.9188 6.69752 0.331505 0.162081 -0.847258 
5.25685e-05 1.88732 -18.7312 6.70954 -0.919282 0.873502 -0.410396 
5.25685e-05 1.88654 -18.911 6.89486 -1.28333 1.47644 -0.734425 
5.25685e-05 1.54839 -19.201 6.89917 -0.505183 1.73757 -0.350803 
5.25685e-05 1.9739 -18.8629 6.93952 -0.238751 1.49011 -0.266711 
5.25685e-05 1.81211 -19.0403 6.7667 -1.70849 1.66428 -0.933524 
5.25685e-05 1.83106 -19.3309 6.91586 0.226906 0.643402 -0.245842 
5.25685e-05 1.77185 -19.3958 6.71358 -0.384265 0.448606 0.00457251 
5.25685e-05 1.56788 -19.2096 6.57766 -0.631029 1.34441 0.000535518 
5.25685e-05 1.87957 -19.0071 6.90832 0.189738 1.93789 0.0565665 
5.25685e-05 1.82542 -19.1299 7.1397 -0.283732 0.519671 -0.389708 
5.25685e-05 1.75272 -18.9549 7.14942 -0.0412677 0.933173 -0.342165 
5.25685e-05 1.7679 -18.9047 6.94775 -0.392161 2.04124 -0.0144669 
5.25685e-05 1.83774 -18.9453 6.85192 -0.565676 0.799644 -1.86504 
5.25685e-05 1.91956 -18.8966 6.82469 -0.322316 0.915519 -1.61376 
5.25685e-05 1.82613 -19.1534 6.94317 -0.422492 -0.268199 -0.976193 
5.25685e-05 1.7867 -19.0701 7.00391 -1.20291 1.33122 -1.1765 
5.25685e-05 1.99445 -19.106 6.75541 -1.2537 1.2388 0.33715 
5.25685e-05 2.00618 -18.7583 6.8675 0.154231 0.524518 -0.167495 
5.25685e-05 1.78621 -18.7363 6.71144 -0.714392 -0.0294829 -0.680561 
5.25685e-05 1.87522 -18.9586 6.58219 0.444288 0.989577 0.256249 
5.25685e-05 1.69744 -19.2468 6.99134 -0.314447 -0.135758 -0.61693 
5.25685e-05 1.84101 -18.9856 6.68063 -1.16375 -0.0964513 -1.26511 
5.25685e-05 1.8899 -19.2562 6.51554 -0.0232778 0.626105 -0.846375 
5.25685e-05 1.92777 -18.8663 6.99844 0.29245 1.47895 -0.379763 
5.25685e-05 2.14301 -19.1368 6.86294 -0.544921 0.141347 -0.50388 
5.25685e-05 1.72587 -19.2079 6.85109 -1.61947 0.435105 0.427139 
5.25685e-05 1.42507 -18.8258 6.93433 -0.159985 0.452911 0.196003 
5.25685e-05 2.02235 -19.3344 6.95723 -0.571017 0.480778 0.140285 
5.25685e-05 1.74583 -18.8628 6.6796 0.437038 0.991968 0.716105 
5.25685e-05 1.96244 -18.865 6.89363 -1.52581 1.28333 -0.321134 
5.25685e-05 1.86407 -19.1166 7.07784 0.00520331 1.48044 -1.05789 
5.25685e-05 1.71113 -19.0866 6.57935 -0.267996 -0.0304454 -1.36479 
5.25685e-05 2.04405 -18.9256 7.07031 -0.157452 1.37714 -0.818181 
5.25685e-05 1.75291 -19.0657 7.17627 -1.01738 0.841201 0.178043 
5.25685e-05 1.97552 -18.7759 6.75249 -1.34588 1.16136 -0.893352 
5.25685e-05 1.59389 -19.5205 6.99093 -0.0927918 0.67088 -0.16899 
5.25685e-05 1.87533 -18.8599 7.04425 0.332542 1.56699 -0.108302 
5.25685e-05 1.96462 -19.1279 7.15076 -0.593852 1.55258 -0.649708 
5.25685e-05 1.79326 -18.9387 7.18354 -0.0665573 0.405248 -0.976512 
5.25685e-05 2.02504 -18.9746 6.79654 0.216671 0.444718 -1.47905 
5.25685e-05 1.79113 -19.2044 6.35768 0.0202792 0.902901 0.0778985 
5.25685e-05 1.97485 -19.1653 6.97983 -0.554294 2.01641 -0.0426769 
5.25685e-05 2.01741 -19.2519 6.4564 -0.871321 0.469918 0.0158331 
5.25685e-05 1.42995 -19.1472 6.71652 -0.364302 -0.240205 -0.911536 
5.25685e-05 1.82431 -19.2501 6.49925 -1.13967 0.0956699 -0.194155 
5.25685e-05 2.12503 -19.2191 6.60631 -0.561373 0.863225 -1.27795 
5.25685e-05 2.02467 -19.45 6.99847 0.302947 0.90034 -0.357608 
5.25685e-05 1.11949 -19.3682 6.69358 -0.701474 0.76527 -0.338724 
5.25685e-05 1.38666 -18.9347 6.74545 -0.800181 -0.272943 -0.637894 
5.25685e-05 2.16058 -18.8107 6.83112 -0.378046 1.72788 0.13772 
5.25685e-05 1.02134 -19.0176 6.90841 -0.713739 1.10078 -0.321432 
5.25685e-05 1.84985 -18.7426 7.2355 -0.436729 1.48928 -0.0309499 
5.25685e-05 1.41915 -18.8671 6.60186 -0.187132 1.68295 -1.12273 
5.25685e-05 1.42602 -19.4006 6.70332 0.570881 1.01984 -0.621526 
5.25685e-05 1.63982 -19.5256 6.95397 -0.513814 0.482059 -1.28079 
5.25685e-05 1.90639 -19.4795 6.96585 0.196889 0.495541 0.385373 
0.000110133 -0.81225 9.12507 -3.2495 0.42767 -0.261231 0.460379 
0.000110133 -0.726395 9.14593 -3.23632 0.100484 0.0491449 0.46671 
0.000110133 -0.829319 9.17464 -3.17964 0.842802 -0.567702 0.561272 
0.000110133 -0.785302 9.1139 -3.24598 -0.334003 -0.928315 0.888246 
0.000110133 -0.643783 9.09042 -3.23935 0.645669 -0.706697 0.0535221 
0.000110133 -0.909248 9.06636 -3.31533 0.04165 -1.17892 -0.449326 
0.000110133 -1.05534 9.18803 -3.24214 -0.0895572 -0.577542 0.237078 
0.000110133 -0.995284 9.01514 -3.24494 0.302422 -0.86963 -0.485846 
0.000110133 -0.720761 9.0586 -3.18115 0.622408 -0.786101 1.11311 
0.000110133 -0.885747 9.11319 -3.42399 0.0597639 -1.08135 0.784523 
0.000110133 -0.761599 8.86546 -3.21936 0.54393 -0.541185 -0.433744 
0.000110133 -0.949518 8.97797 -3.03096 -0.364671 -0.328879 0.418027 
0.000110133 -0.730794 9.14327 -3.15811 -0.626499 -1.05594 0.670762 
0.000110133 -0.925932 9.0134 -3.1033 -0.272888 -1.21683 -0.409461 
0.000110133 -0.587004 8.97555 -3.31373 0.296541 -0.0716161 0.806437 
0.000110133 -0.95686 9.06731 -3.13068 0.0846481 -1.36674 -0.56609 
0.000110133 -0.58094 9.1518 -3.21562 0.451337 -0.608051 0.90438 
0.000110133 -0.921588 9.29331 -3.13487 0.0443054 0.345377 -0.266183 
0.000110133 -0.830373 9.07365 -3.29272 1.65778 -0.588278 0.659219 
0.000110133 -0.711008 8.81897 -3.38717 -0.0699857 -0.765355 0.327035 
0.000110133 -0.77181 8.86197 -3.24758 -0.179958 -0.694544 -0.775598 
0.000110133 -0.652766 9.21558 -3.34075 -0.382893 0.42676 -0.152733 
0.000110133 -0.621075 9.16205 -3.13354 1.05331 -0.440517 -0.375159 
0.000110133 -0.853095 9.36726 -3.37341 0.558826 -0.600201 0.909858 
0.000110133 -0.581941 9.28095 -3.48083 0.221772 -0.538981 0.462706 
0.000110133 -0.925958 9.26391 -3.3306 0.389169 0.41165 -0.788538 
0.000110133 -0.962812 9.28617 -3.43222 1.10446 -0.288256 0.602658 
0.000110133 -1.02949 9.15622 -3.22777 1.5095 -0.637587 0.458475 
0.000110133 -0.914392 9.04517 -3.18189 -1.20885 -0.761769 -0.527474 
0.000110133 -0.871851 9.32494 -3.15913 0.861499 -1.07079 0.876682 
0.000110133 -0.816807 9.12943 -3.03628 1.07953 -1.44602 0.0568319 
0.000110133 -0.901515 8.87205 -3.18008 -0.0296381 0.660389 -0.51007 
0.000110133 -0.557005 9.05742 -3.1645 0.0676843 -0.419512 -0.959031 
0.000110133 -0.661413 9.36266 -3.03828 0.165447 -0.479348 0.728888 
0.000110133 -0.795116 9.01086 -2.81854 0.47749 -0.0528725 -0.163264 
0.000110133 -0.815694 9.07011 -3.18199 1.7804 0.187868 -0.418744 
0.000110133 -1.02061 9.08544 -3.19359 -0.37245 0.877363 -0.432784 
0.000110133 -0.643043 9.13885 -3.25525 -0.641868 -1.2105 1.15966 
0.000110133 -0.44323 9.17811 -3.31265 0.637033 0.230479 0.367879 
0.000110133 -0.675452 9.02488 -3.31453 1.05643 -0.904898 1.45992 
0.000110133 -0.958652 8.99361 -3.62682 0.863931 -0.723359 0.293802 
0.000110133 -1.11091 9.11663 -2.96462 -0.6313 0.123133 0.0479271 
0.000110133 -0.957519 9.0006 -3.2506 0.637842 -0.0421879 -1.4235 
0.000110133 -1.11751 9.13624 -3.57718 0.328604 -0.509672 -0.567932 
0.000110133 -0.798194 9.29094 -3.05497 0.380206 -0.831264 -1.05659 
0.000110133 -1.16832 8.95627 -3.21718 -0.0469131 0.610044 0.521305 
0.000110133 -0.58945 8.62794 -3.06336 0.236662 -0.275212 0.535837 
0.000110133 -0.578832 9.02119 -3.1338 -0.358924 -1.42544 1.00843 
0.000110133 -1.11937 9.21641 -3.30177 0.996753 0.554081 -0.375862 
0.000110133 -0.651092 9.26094 -3.30485 -0.819884 -0.967956 -0.757263 
0.000110133 -0.650589 8.80429 -3.18406 0.32321 -0.753294 -1.07939 
0.000110133 -0.803201 9.25062 -3.06075 1.15473 -1.61166 0.120901 
0.000110133 -1.22035 9.32653 -3.61621 -0.0624783 -0.0904555 0.33771 
0.000110133 -0.794371 8.55197 -3.08053 -0.181434 -0.220111 -0.0314377 
0.000110133 -0.73234 9.11589 -3.71875 0.871276 -0.0852889 0.737433 
0.000110133 -0.63669 8.68695 -2.98234 0.265189 -0.898784 -0.538649 
0.000110133 -0.995592 8.71916 -2.98423 -0.708003 -0.354241 -0.0552498 
0.000110133 -0.939497 9.56093 -3.58424 -0.0738471 -0.408712 0.731831 
0.000110133 -0.850921 9.19314 -2.78964 -0.0661724 -1.32794 0.425498 
0.000110133 -1.09511 8.69876 -3.23717 0.419053 0.159786 0.871989 
0.000110133 -1.08127 9.04046 -3.15902 0.6403 0.0545118 1.69999 
0.000110133 -1.12757 9.18276 -3.6599 0.369418 -1.03368 -0.460936 
0.000110133 -1.14177 8.74192 -3.35438 0.406878 0.309451 0.733628 
0.000110133 -0.76027 9.13927 -3.12174 -1.37466 -0.0177841 -0.850865 
0.000110133 -1.13296 9.21611 -2.85383 0.049017 -0.681461 1.17938 
0.000110133 -0.836671 9.11739 -3.04702 -0.0481997 1.39246 0.546183 
0.000110133 -0.302948 8.9315 -3.31907 0.261573 0.50794 0.495193 
0.000110133 -0.524207 8.89516 -3.19176 0.809078 -1.76667 0.295052 
0.000110133 -0.331489 8.80373 -3.44601 0.904806 0.0737833 0.28606 
0.000110133 -1.08536 9.21406 -3.6494 -0.503175 -1.30502 0.127423 
0.000110133 -0.715381 8.80469 -3.46456 1.1834 -1.41051 -0.0552891 
0.000110133 -1.11576 9.09373 -3.10087 1.53798 -1.17794 -0.429448 
0.000110133 -0.865514 8.40602 -3.30579 0.542181 -0.284521 0.266143 
0.000110133 -0.981768 9.02354 -2.62308 0.67033 0.276581 0.30136 
0.000110133 -0.464678 8.83635 -3.76269 0.24938 -0.704565 -0.433845 
0.000110133 -0.801572 9.23875 -3.57633 -0.56304 -1.20048 1.32413 
0.000110133 -0.900554 8.78798 -2.93383 -0.384403 -1.22456 1.18345 
0.000110133 -0.984359 8.6977 -3.0605 -1.03438 -0.868241 0.119445 
0.000110133 -0.818504 8.55606 -3.18089 0.614336 -1.43946 0.28686 
0.000110133 -1.36175 9.01987 -2.88808 0.600323 0.435594 0.540488 
0.000110133 -0.471545 8.44158 -3.17659 -0.414491 -0.25401 0.397682 
0.000110133 -1.21297 9.37741 -3.60675 -0.598219 -0.545457 -0.604216 
0.000110133 -0.560059 8.99248 -3.36627 -0.172093 -0.294334 -1.57109 
0.000110133 -0.905334 8.90715 -2.65646 -0.667761 -0.738858 0.818006 
0.000110133 -0.791249 8.87534 -2.57907 0.7794 -0.565847 0.930906 
0.000110133 -0.929126 9.10464 -3.14777 1.16026 -0.948525 -1.71679 
0.000110133 -0.887164 9.18896 -3.13483 1.07064 -0.188597 -1.77175 
0.000110133 -0.392162 9.62348 -3.14429 -0.268047 -0.622294 -0.419858 
0.000110133 -0.766033 8.85238 -3.65373 1.53871 -0.652438 0.603627 
0.000110133 0.0610617 8.80462 -3.46002 -0.156721 -0.742649 0.273776 
0.000110133 -1.19834 8.96801 -3.37967 0.573476 -0.0981897 -1.34547 
0.000110133 -1.21713 8.93641 -3.05161 -0.0483279 1.01746 -0.406688 
0.000110133 -0.641596 9.82913 -3.73124 0.234693 -0.262658 -0.362825 
0.000110133 -1.03412 9.01103 -2.46694 -0.61339 -0.248525 0.575575 
0.000110133 -1.00377 9.85527 -3.21304 1.03859 -0.560464 0.276251 
0.000110133 -1.56777 9.64828 -3.1496 0.547035 -0.519337 0.867314 
0.000110133 -1.0317 9.35832 -3.63718 0.89414 0.98208 0.323928 
0.000110133 -0.468626 8.41183 -2.72284 0.748239 0.237922 0.0840389 
0.000110133 -0.661996 8.27522 -2.88404 0.674535 -0.996452 0.504047 
0.000110133 -1.51734 9.30188 -3.56545 0.929802 -0.106001 -0.583909 
0.000110133 -1.04544 8.43024 -2.28438 0.449073 -0.66072 -0.158161 
0.000110133 -0.283822 9.01579 -2.79862 1.01336 -1.27505 0.541139 
0.000110133 -0.0043171 9.53318 -2.95588 0.526316 -0.541936 0.810703 
0.00062348 1.70257 -18.728 6.62142 -0.688423 1.88111 -0.037169 
0.00062348 2.07665 -19.0184 7.64722 -0.794946 0.988587 -0.295771 
0.00062348 2.42445 -18.4367 6.64551 0.213617 1.55143 -0.224888 
0.00062348 2.36641 -19.4293 7.60949 -0.754449 0.701439 -1.1082 
0.00062348 2.16606 -18.2677 6.48304 0.577196 1.32692 0.0150696 
0.00062348 0.242362 -18.7726 7.19902 0.30427 0.879859 -0.0719883 
0.00062348 0.471439 -20.4495 6.43924 -0.0491298 0.499787 0.0504616 
0.00062348 1.26435 -18.9094 5.38762 0.20851 0.328567 -0.0395114 
0.00062348 1.80604 -20.2115 7.90618 -1.12062 0.830054 -0.999104 
0.00062348 3.00603 -19.0012 7.43512 -1.19281 1.68111 -0.183341 
0.00062348 3.72013 -20.049 6.16693 -0.866678 1.00381 -0.979788 
0.00062348 -0.480879 -19.4682 5.66894 -0.326463 0.250905 -0.160995 
0.00062348 1.37626 -21.4921 7.55842 -0.630966 0.337799 0.0536751 
0.00062348 1.03075 -17.74 7.90531 0.130607 0.448249 -1.15929 
0.00062348 4.31154 -16.805 6.94964 -0.214276 1.11488 -0.573078 
0.00062348 0.136537 -17.1446 7.64477 -0.472709 1.14594 0.384708 
0.00062348 0.663155 -19.7233 7.28828 0.254113 2.03775 -0.165456 
0.00062348 0.562616 -17.549 6.00849 -0.29616 0.0394882 0.358255 
0.00062348 1.85841 -19.8973 6.41002 -1.39808 1.52814 0.761933 
0.00062348 4.31463 -19.862 7.08067 -0.639737 1.20308 -1.2358 
0.00062348 4.2972 -20.5461 7.28483 0.105842 1.4617 -0.663405 
0.00062348 -1.59799 -18.5815 8.95529 -0.109658 1.10444 -0.271446 
0.00062348 -0.0968399 -15.1723 7.75901 -0.331018 1.03997 -0.553015 
0.00062348 0.0476263 -16.3472 5.50648 -0.968536 1.07546 -0.859074 
0.00062348 0.824991 -17.3966 10.6374 -0.642121 0.921156 -0.689924 
0.00062348 -3.09554 -19.3441 7.30864 -0.458946 0.913291 -0.299557 
0.00062348 3.95231 -17.9626 6.6211 0.131138 1.81159 -0.806992 
0.00062348 2.85092 -15.3417 4.27971 -0.271011 1.09167 -0.662783 
0.00062348 0.0990082 -23.1252 9.15681 -0.231756 0.829431 -0.440815 
0.00062348 2.07303 -19.5769 8.47715 -0.939707 0.383398 0.78529 
0.00062348 -1.69889 -18.9683 7.75053 -0.182141 1.58087 0.0569148 
0.00062348 3.60569 -21.0761 9.91088 -0.620058 1.49221 -0.532553 
0.00062348 1.12465 -20.5612 10.8526 -0.310259 1.37501 -0.0582607 
0.00062348 5.97992 -17.164 8.32389 -0.293686 1.17072 0.0073612 
0.00062348 -1.1594 -22.7503 4.11211 -0.627171 0.893818 -0.580766 
0.00062348 -3.56746 -18.0819 6.65208 -0.465001 1.21978 -0.475258 
0.00062348 5.22704 -20.878 6.18971 -0.944545 0.176192 -0.169322 
0.00062348 -0.0835568 -22.0434 5.30438 0.0737506 0.170015 -0.729928 
0.00062348 1.71576 -20.4825 8.18475 0.329496 1.7197 -1.19673 
0.00062348 0.783421 -22.0699 7.1712 -1.05898 0.513233 -1.26011 
0.00062348 0.0921838 -15.767 5.15624 -0.840582 0.833103 0.438402 
0.00062348 -1.70997 -22.1494 6.04167 -0.570991 0.263434 0.0745069 
0.00062348 5.37101 -16.4712 7.61451 0.389293 0.839595 -0.471106 
0.00062348 1.31076 -19.6557 7.07488 -1.12815 2.68949 -0.143821 
0.00062348 3.57466 -24.3792 4.78178 -0.754571 0.906687 -0.113901 
0.00062348 -0.162477 -17.497 3.64095 0.0355593 0.110498 -0.770811 
0.00062348 0.768835 -14.0672 10.6634 -0.206755 0.699129 -0.202952 
0.00062348 3.08234 -18.4446 7.44501 -1.26547 1.77306 0.708161 
0.00062348 1.25757 -23.0968 2.22995 -0.540009 0.557005 -0.729952 
0.00062348 2.48242 -16.1871 0.697464 -0.437127 0.615388 -0.342011 
0.00062348 4.82385 -23.7889 6.18931 -0.333023 1.50597 -0.303154 
0.00062348 3.75764 -22.9191 11.1652 -0.373474 0.726215 0.13146 
0.00062348 3.52406 -22.0951 7.07887 0.543922 1.31463 -0.884467 
0.00062348 2.72382 -22.2711 6.46584 -1.15686 1.04881 0.600872 
0.00062348 -2.7949 -19.4472 1.66464 -0.143351 0.723917 -0.580028 
0.00062348 0.149342 -22.9879 6.50434 0.441748 1.37829 -0.109128 
0.00062348 -2.0226 -21.0136 3.39238 0.312076 0.599409 -0.378736 
0.00062348 1.52023 -24.789 6.26933 -0.816444 0.756199 0.246599 
0.00062348 0.622678 -21.8505 12.9024 -0.732341 0.494237 -0.320477 
0.00062348 2.69563 -22.5915 8.70032 0.534846 1.23677 -0.0260118 
0.00062348 0.632455 -14.482 8.79559 -0.723191 1.38163 0.308078 
0.00062348 -0.642518 -14.0113 9.23601 -0.986253 1.28398 -0.539571 
0.00062348 6.19293 -23.377 3.63157 0.059081 0.699603 -0.479449 
0.00062348 1.64034 -22.8894 12.775 -0.0221969 0.679725 -0.167972 
0.00062348 0.77781 -19.9783 5.99564 -1.4578 1.67029 -1.53362 
0.00062348 1.55693 -11.1182 6.11037 -0.478107 1.10457 -0.199005 
0.00062348 3.04349 -20.1132 2.51334 0.108281 0.111826 -0.874445 
0.00062348 0.766203 -16.1135 6.85645 -0.639157 1.70562 0.728636 
0.00062348 4.77803 -22.2231 3.86276 -0.874589 0.492097 0.378077 
0.00062348 1.19575 -16.407 11.0161 -0.380577 1.84146 -0.536676 
0.00062348 -4.22041 -22.7627 7.85353 -0.614145 0.459333 0.0690303 
0.00062348 2.56315 -21.1362 9.60911 0.401931 1.81991 -0.258996 
0.00062348 3.31571 -18.0121 3.42144 -0.320107 1.51048 0.658753 
0.00062348 -1.78015 -13.3236 8.42145 -0.179063 1.05752 0.245407 
0.00062348 -2.29204 -13.5184 5.34495 -0.965658 0.861267 -0.827127 
0.00062348 3.72948 -22.222 6.57396 -1.02226 -0.311229 -0.282394 
0.00062348 -0.670623 -26.2241 8.15304 -0.189536 1.01611 -0.882652 
0.00062348 4.82546 -22.4183 8.61717 0.122704 0.43455 -1.22025 
0.00062348 2.59419 -12.6654 11.7327 -0.356321 0.889153 -0.890385 
0.00062348 9.48043 -13.5192 7.59459 -0.454596 0.916012 -0.392886 
0.00062348 -0.845684 -18.0045 5.5407 0.86532 0.182743 -0.440945 
0.00062348 2.35008 -13.1886 5.20211 -1.15804 0.351967 -0.113432 
0.00062348 2.00559 -21.757 2.82671 -0.923336 1.83278 -0.664576 
0.00062348 -2.20256 -17.0203 8.26338 -0.403384 0.204096 0.603637 
0.00062348 -1.48451 -20.3357 10.746 0.360038 0.311279 0.0955892 
0.00062348 1.93043 -11.0752 5.57238 -0.537514 1.33827 -0.76377 
0.00062348 2.07446 -23.5902 3.23404 -0.0514553 0.13825 -0.968324 
0.00062348 -1.16047 -13.385 6.66984 -0.82043 0.861572 -1.22175 
0.00062348 -0.234675 -23.3074 11.9334 -0.985261 0.262977 -0.205141 
0.00062348 8.32523 -19.0632 2.84338 -0.60717 1.3085 0.167631 
0.00062348 3.97952 -19.1719 4.93689 -0.694371 0.318719 1.0265 
0.00062348 0.744115 -20.6904 8.70402 -1.16453 0.484954 -1.71208 
0.00062348 3.05317 -14.0083 5.58096 -0.537909 1.61701 0.443894 
0.00062348 1.51084 -12.1176 4.18252 -0.586052 0.527383 0.345799 
0.00062348 5.32599 -18.8575 5.68197 -1.48243 0.937908 -1.30136 
0.00062348 6.49347 -15.4171 7.68066 -0.221267 0.271359 0.450521 
0.00062348 1.56134 -18.5054 10.6929 -0.761393 1.9213 -1.13945 
0.00062348 -8.02106 -22.5218 8.34666 -0.308295 1.13217 -0.335568 
0.00062348 4.56274 -16.3298 8.49313 -0.548912 0.806302 -1.69896 
0.00062348 4.38453 -14.6447 11.5662 -0.423931 1.12238 -1.247 
0.00062348 5.37875 -13.3109 6.28909 -0.881941 0.375627 -1.06497 
0.00062348 -4.66869 -26.0082 7.34805 -0.123371 0.401722 -0.274415 
0.00062348 -1.16879 -11.1683 2.67991 0.0231647 1.23118 -0.36911 
0.00062348 -5.62156 -18.9875 6.53835 -0.61908 0.0246558 -0.128192 
0.00062348 7.85197 -23.7657 5.62761 -0.596085 0.791948 -1.19293 
0.00062348 3.49365 -19.495 11.5868 0.145599 0.165941 -1.18335 
0.00062348 12.8025 -16.7978 5.10429 -0.374336 1.05822 -0.507243 
0.00062348 1.56573 -19.6518 12.5614 -1.13871 1.6432 -0.741877 
0.00062348 6.50448 -25.7314 13.2805 -0.370822 1.24366 -0.644762 
0.00062348 -1.05361 -11.5815 11.4554 -0.437617 1.06673 0.261065 
0.00062348 -1.67959 -15.7867 12.9873 -0.574899 1.71029 -0.280638 
0.00062348 3.23409 -24.4278 4.49017 -0.184619 0.801542 0.711783 
0.00062348 0.977173 -16.4274 10.9462 0.498566 0.583161 -1.19408 
0.00062348 -2.2517 -20.3932 4.65009 -1.32335 0.474853 0.511522 
0.00062348 0.358543 -12.4625 4.77496 -0.255468 0.654427 0.589172 
0.00062348 7.65548 -21.4951 6.3016 -1.17392 0.126794 -0.700189 
0.00062348 -3.46047 -22.1718 2.29872 -0.596976 1.59915 0.174479 
0.00062348 6.72448 -13.5118 12.8025 -0.485738 1.53181 -0.508693 
0.00062348 -5.7082 -22.2111 5.65247 -0.0726337 1.63904 -0.551009 
0.00062348 1.08067 -26.2216 2.51998 -1.03317 0.513338 0.125315 
0.00062348 8.86314 -13.7843 1.42773 0.0309058 0.957486 0.016477 
0.00062348 0.441908 -26.7067 1.71109 -0.0626517 0.327906 0.0204596 
0.00062348 2.51666 -8.23395 13.4316 -0.531585 0.76964 -0.604198 
0.00062348 2.26336 -18.4942 11.5574 -1.5538 1.00529 0.31821 
0.00062348 -8.0168 -17.4985 2.27986 0.0425892 1.09793 -0.613881 
0.00062348 -3.5039 -7.63821 7.03738 -0.364329 0.619928 -0.135322 
0.00062348 -1.01641 -7.11305 10.1321 -0.694977 1.01059 -0.238346 
0.00062348 6.07134 -20.4225 10.822 -0.382393 1.89889 -0.941425 
0.00062348 2.84755 -24.3161 0.87172 -0.928134 1.56507 0.015541 
0.00062348 -4.67508 -14.2042 16.3924 -0.772574 0.889961 -0.173244 
0.00062348 5.9205 -10.2812 3.28918 -0.159294 1.27207 -0.86799 
0.00062348 10.649 -28.4531 9.80192 -0.139894 0.89495 -0.411374 
0.00062348 6.49921 -17.8402 15.753 -0.194824 1.27382 -0.911607 
0.00062348 0.70668 -17.1141 4.8921 -0.397794 1.74337 -1.80462 
0.00062348 8.17382 -20.1521 4.96563 0.678227 1.01478 -0.217248 
0.00062348 0.635059 -17.4573 3.11029 -1.51676 0.405383 0.503829 
0.00062348 2.68112 -32.2594 11.7606 -0.430482 0.815945 -0.582505 
0.00062348 1.52692 -17.2735 2.74027 0.55937 0.486879 -1.35113 
0.00062348 2.15985 -16.544 -2.00851 0.19088 0.296297 -0.137731 
0.00062348 -2.80352 -29.748 2.78175 -0.18241 0.402449 -0.238378 
0.00062348 -5.40305 -20.4647 9.3388 -0.076468 0.102755 0.258476 
0.00062348 -4.50684 -22.4499 6.51996 -0.656127 -0.146769 -0.82728 
0.00062348 1.82438 -16.4943 11.8606 -0.268329 -0.423934 -0.34017 
0.00062348 2.06016 -23.1856 6.96188 -1.3391 2.07282 -0.538031 
0.00062348 7.64157 -20.8279 8.34884 -0.356484 0.426299 0.76863 
0.00062348 8.69866 -24.0504 -3.79822 -0.104922 0.768495 -0.102204 
0.00062348 -4.20274 -9.51912 -2.11505 -0.32416 0.621889 -0.626858 
0.00062348 -1.71758 -26.097 14.3505 0.259104 0.944634 -0.100013 
0.00062348 3.39823 -28.8282 11.001 -0.711553 1.50288 -0.0682041 
0.00062348 10.8377 -8.53436 -0.851725 -0.318479 0.882877 -0.393421 
0.00062348 -3.81668 -30.1501 9.05883 -0.0282147 0.550896 -0.0634978 
0.00062348 -0.50123 -15.3525 -8.11498 -0.257675 0.74263 -0.248199 
0.00062348 4.75079 -34.1092 3.18966 -0.395269 0.722471 -0.202064 
0.00062348 -10.7111 -25.6495 10.3475 -0.107952 1.09512 -0.497133 
0.00062348 4.51704 -26.7951 20.4609 -0.277382 0.979335 -0.49506 
0.00062348 9.4614 -18.7293 10.792 -0.341327 0.191036 0.382249 
0.00062348 -1.59369 -10.8794 5.29222 -0.9916 0.118906 -0.741279 
0.00062348 11.1192 -13.7099 7.19879 -0.474408 1.66606 -0.516924 
0.00062348 3.24689 -10.8099 18.6707 -0.65761 0.840442 -0.789573 
0.00062348 2.89429 -15.787 12.0481 0.588994 0.444313 0.28082 
0.00062348 -4.46878 -29.7698 0.435989 -0.884318 1.13491 -0.51452 
0.00062348 9.96138 -21.7449 -5.66682 -0.113417 0.59633 -0.518514 
0.00062348 -6.71205 -17.0851 8.64018 -1.00065 1.49681 0.195183 
0.00062348 5.9034 -18.5366 18.1227 -0.454227 1.28894 -0.975363 
0.00062348 0.366631 -23.9374 0.876027 -0.845205 1.90905 -0.519357 
0.00062348 -6.37371 -17.7395 -4.96476 -0.798209 1.26515 -0.416416 
0.00062348 -3.90114 -18.6175 0.914908 -0.103076 1.45793 0.498544 
0.00062348 3.07294 -8.62388 5.06472 -1.06963 0.351028 -0.737701 
0.00062348 0.881825 -20.2005 -5.58866 -0.701379 1.0478 0.277927 
0.00062348 -3.02131 -16.1722 -5.8338 -0.264566 1.05648 0.196171 
0.00062348 -5.54567 -28.512 -3.07443 0.0424759 0.815534 -0.243296 
0.00062348 10.8399 -20.3775 1.92163 -0.809606 0.142467 -0.841188 
0.00062348 0.622594 -20.406 -6.22681 -0.0456084 1.24011 0.0713843 
0.00062348 -1.49932 -33.932 3.74653 -0.778508 0.503557 -0.534695 
0.00062348 -4.23217 -30.8585 10.7697 -0.764375 0.987955 -0.940675 
0.00062348 -6.38736 -33.6105 -2.91297 -0.529465 0.843963 -0.329777 
0.00062348 18.1518 -22.9467 5.56798 -0.0378593 0.98875 -0.48969 
0.00062348 -17.7837 -17.9702 8.70588 -0.422146 0.808894 -0.478182 
0.00062348 13.2936 -7.02898 14.1405 -0.674061 0.816784 -0.149132 
0.00062348 11.2462 -10.024 4.31664 -0.560216 0.941992 0.345076 
0.00062348 8.16964 -10.5045 8.05404 0.35175 1.36766 -0.218843 
0.00062348 0.968787 -7.93081 -0.776007 -0.205841 0.651387 0.298045 
0.00062348 -5.06399 -6.67953 10.2906 -0.716442 1.43496 -0.560761 
0.00062348 1.08987 -21.8911 -9.50146 -0.212985 1.24661 -0.659275 
0.00062348 0.749881 -17.9694 0.349976 0.414281 -0.0463493 0.126869 
0.00062348 -14.3794 -18.3939 7.57769 -0.854864 1.11184 -0.67754 
0.00062348 -8.61011 -33.9928 -1.66668 -0.305557 0.63684 -0.501201 
0.00062348 -14.0891 -18.6723 15.0515 -0.537922 0.419248 -0.220917 
0.00062348 7.97082 -25.0039 -2.50756 -0.450024 1.07378 -1.19475 
0.00062348 9.20681 -29.7481 14.8559 -0.979898 0.841468 -0.762849 
0.00062348 5.17092 -18.3367 10.4787 -0.70215 2.05313 0.541536 
0.00062348 -4.37081 -35.1348 -1.36414 -0.654246 0.819241 0.00301299 
0.00062348 6.7328 -10.9009 25.3087 -0.574499 0.58875 -0.492815 
0.00062348 -2.08131 -28.2206 17.9087 -0.303279 0.208847 -0.0652836 
0.00062348 0.630764 -24.3731 -3.74046 0.367072 0.476623 -0.0532318 
0.00062348 -2.42153 -21.8125 24.4572 -0.076094 0.523455 -0.159087 
0.00062348 2.79919 -22.8794 -8.16369 -0.93857 1.29933 -0.625478 
0.00062348 0.96636 -24.7916 12.7373 -0.789272 0.423353 0.723027 
0.00062348 -10.8065 -28.39 -7.53294 -0.176395 0.9211 -0.676951 
0.00062348 4.61125 -0.292231 9.58899 -0.641895 0.495866 -0.715072 
0.00062348 -9.07225 -35.894 11.6785 -0.767373 1.06468 -0.631986 
0.00062348 15.5404 -12.2351 -3.59118 -0.556622 0.269673 -0.418615 
0.00062348 0.650214 -8.74891 17.0525 0.273474 0.857059 -0.826669 
0.00062348 -1.5752 -3.54753 9.90975 -0.548487 1.59245 -0.214406 
0.00062348 18.7894 -25.5658 -7.89949 -0.337268 1.13889 -0.0691457 
0.00130622 -1.23067 8.74457 -3.17468 1.07021 0.501261 0.798015 
0.00130622 0.306486 8.63789 -2.51247 -0.189246 -0.438094 0.862274 
0.00130622 -0.291938 9.71799 -2.54421 -0.700693 0.363941 -0.176713 
0.00130622 -1.48968 9.83237 -2.35457 0.416716 -0.553473 1.43738 
0.00130622 0.450825 9.26282 -2.93555 0.296342 0.580554 -0.7902 
0.00130622 -2.46735 10.776 -2.59554 0.903128 -0.950423 0.0602434 
0.00130622 0.000503719 8.62725 0.110341 0.464337 -0.438753 0.313587 
0.00130622 -0.85474 9.90358 -2.93023 0.125157 -0.642711 -1.7092 
0.00130622 -2.71419 6.57646 -3.62267 -0.431252 -0.0777829 0.269814 
0.00130622 -1.37974 9.1926 -2.57312 0.527099 1.23439 -1.08033 
0.00130622 0.159541 9.93756 -5.76328 1.06904 -0.123154 -0.617069 
0.00130622 -4.27701 9.16712 -4.45235 0.671574 -0.75786 -0.406055 
0.00130622 0.425153 9.91557 -1.97676 0.762313 -0.976929 1.41747 
0.00130622 -3.1911 9.86456 0.010355 0.807654 -0.425063 0.74667 
0.00130622 -1.12146 10.0519 -3.23583 1.14766 1.05602 -0.914353 
0.00130622 -3.14187 8.16408 -1.43936 -0.170559 -1.4998 -0.344712 
0.00130622 0.374425 9.53399 -5.26249 -0.163831 -0.73368 -1.32169 
0.00130622 -4.35733 12.0484 -4.85797 0.757078 -0.888011 0.511042 
0.00130622 3.9501 6.15348 -3.78766 0.699785 -0.540407 -0.0326692 
0.00130622 -0.144523 9.87679 -0.176242 -0.138999 0.26163 1.211 
0.00130622 -4.31245 11.4894 -1.54054 0.926258 -0.733903 0.782035 
0.00130622 -2.8647 7.47754 -0.484899 0.586854 0.185166 -0.848233 
0.00130622 -4.61043 9.94641 -5.9577 -0.565466 -0.0171876 0.628248 
0.00130622 1.38335 10.9778 -3.41068 -0.716771 -1.52994 0.171758 
0.00130622 -0.365777 4.56119 -4.5614 -0.332092 0.103269 -0.482019 
0.00130622 -5.84609 10.2295 -1.12188 -0.449577 0.0811533 -0.168382 
0.00130622 -4.10056 11.7594 -2.06935 1.07207 0.422839 0.202791 
0.00130622 -2.74238 10.1156 -1.63771 -0.629496 -0.448694 1.61911 
0.00130622 -3.13137 11.1996 1.70287 0.827252 -0.931693 0.433741 
0.00130622 -0.240338 6.37186 -2.2153 0.109796 0.397438 1.54602 
0.00130622 -1.14642 9.51177 -2.71289 -0.330335 -2.79159 -0.279914 
0.00130622 -3.95211 12.7268 0.332714 -0.405685 -0.1198 -0.407916 
0.00130622 -5.4665 4.70572 -4.91887 -0.269255 -0.059789 0.612969 
0.00130622 -5.11455 6.49959 -5.31823 -0.136535 0.520455 0.488612 
0.00130622 -2.92296 4.81445 0.757403 0.436965 -0.0441346 -0.634751 
0.00130622 -6.46544 6.74051 -3.12005 0.4772 0.371003 -0.281253 
0.00130622 1.03308 8.04179 -0.495317 1.15077 -1.05409 1.25444 
0.00130622 -4.4361 9.84639 -1.32566 1.34975 -0.57672 -0.729841 
0.00130622 0.582139 16.4876 -6.35188 -0.0355254 -0.083988 0.52915 
0.00130622 4.42603 6.68291 -1.56465 -0.428947 0.255044 -0.388738 
0.00130622 1.17597 16.902 -1.18524 0.384223 -0.108212 -0.203962 
0.00130622 -6.78562 3.87274 -0.608447 0.624605 -0.0882002 0.39763 
0.00130622 -4.51538 3.8829 -5.08327 -0.0390267 -0.245579 1.0903 
0.00130622 -0.773844 9.26223 0.326733 -0.210953 -0.927866 -1.29058 
0.00130622 -4.24679 5.73087 -1.91002 0.852199 -1.53681 0.434827 
0.00130622 -0.521814 7.35489 -5.90654 0.282657 -0.368307 -1.51346 
0.00130622 5.24941 7.24778 -8.5016 0.26946 -1.1056 -0.10608 
0.00130622 7.59727 6.05187 -7.26357 0.133051 -0.654363 0.459578 
0.00130622 -6.01912 2.11483 -2.02994 0.0157279 -1.03582 0.0793543 
0.00130622 2.64017 14.6236 -2.48799 -0.803146 0.00654548 0.206973 
0.00130622 -1.43416 9.88166 -3.37843 -1.02215 -2.12711 1.52262 
0.00130622 -5.01371 12.857 -2.49551 1.33982 0.192875 -0.125818 
0.00130622 3.02425 4.53961 -10.2267 0.116085 -0.490182 -0.48773 
0.00130622 -1.99592 10.1536 -8.48247 0.137878 0.421191 1.2652 
0.00130622 3.49185 17.2125 -2.01209 -0.00604542 -0.534323 -0.447247 
0.00130622 -2.83284 6.545 -2.79644 -1.27098 -0.811743 1.0606 
0.00130622 5.57471 11.6481 -0.767879 1.21016 -0.636457 0.448386 
0.00130622 -0.170599 10.118 1.44122 -0.538676 0.869511 -0.0381503 
0.00130622 3.07581 0.0731812 -2.5944 0.774933 -0.230777 0.469079 
0.00130622 2.54671 17.0166 -1.16482 -0.336392 0.228243 0.276852 
0.00130622 -5.1294 3.81353 1.31899 1.03341 -0.688924 -0.283968 
0.00130622 1.01364 12.9104 -10.3778 1.1401 -0.626022 0.448508 
0.00130622 -2.04289 9.04826 -0.485831 2.0202 -1.02061 0.430856 
0.00130622 6.20382 6.69326 -2.6319 -0.906981 -0.195574 0.382242 
0.00130622 3.66594 6.92495 -5.90023 -1.08474 -0.206649 -0.459304 
0.00130622 4.1707 14.429 1.97173 -0.377334 0.203839 -0.15619 
0.00130622 10.4081 5.30358 -2.9416 0.518459 -0.261865 0.423933 
0.00130622 8.58508 1.37473 -3.42687 -0.149329 -0.45089 0.278551 
0.00130622 -1.35861 10.8825 -0.542651 -1.45707 0.0842144 0.856711 
0.00130622 7.47593 14.9166 -5.52158 -0.50889 -0.458961 -0.0632379 
0.00130622 -6.83218 9.65848 -8.20424 0.668648 -0.43941 -0.884917 
0.00130622 -5.91841 13.9588 -7.43286 0.473001 -0.0474254 1.21594 
0.00130622 11.2047 6.38031 -8.09417 0.0730379 -0.519902 0.261871 
0.00130622 -5.50084 5.44282 -4.44904 0.0221198 0.652841 1.11644 
0.00130622 2.93252 9.34613 -5.17117 1.54248 -0.309261 1.33165 
0.00130622 5.16843 13.9746 -7.75373 0.357237 0.186076 1.03592 
0.00130622 -5.48882 -1.99957 -2.6858 0.783547 -0.278963 0.217122 
0.00130622 -7.85747 5.19746 -10.1791 -0.497451 -0.791932 -0.0444617 
0.00130622 -3.6963 8.7914 -13.8343 0.908349 -0.783964 0.262677 
0.00130622 9.07571 16.2903 1.00678 0.654365 -0.233269 0.210839 
0.00130622 -9.87086 3.83919 -3.4077 0.256936 -0.037672 -0.633097 
0.00130622 7.87823 7.69658 -13.7441 0.476917 -0.221886 -0.0299002 
0.00130622 -0.0670735 14.0182 -12.7429 0.352098 -1.27726 0.0214882 
0.00130622 -6.27624 15.229 2.53628 1.13824 -0.116946 0.337384 
0.00130622 4.78798 4.49653 1.44249 0.347394 0.105461 1.24288 
0.00130622 2.24518 12.7526 6.69177 -0.287581 -0.848638 -0.392963 
0.00130622 -13.4272 3.69803 0.669619 0.189247 -0.120998 -0.090027 
0.00130622 4.66825 11.4536 -12.888 -0.287362 -0.348414 0.891451 
0.00130622 -3.66293 -2.62163 -8.67727 0.471925 -0.787989 -0.211007 
0.00130622 -5.28423 13.3043 -1.75126 1.01307 0.490013 -0.761583 
0.00130622 -8.57108 13.2542 4.5871 -0.379213 0.00222865 0.63239 
0.00130622 0.219833 4.07684 7.09124 -0.268316 -0.0558958 -0.483333 
0.00130622 -1.12124 12.6593 4.63472 0.208018 0.454334 -0.704507 
0.00130622 -5.56334 9.7286 -2.15808 -0.308687 -0.192335 -1.4961 
0.00130622 -1.26554 7.55313 0.502949 -0.951176 -0.330585 1.71078 
0.00130622 9.92131 0.346204 -0.638993 0.0785031 -0.870082 0.54603 
0.00130622 -3.56959 11.4977 8.27164 -0.43204 -0.0214731 -0.270099 
0.00130622 -9.21781 16.958 1.75007 0.0542901 -1.00632 -0.370145 
0.00130622 9.64233 16.7923 4.58574 -0.0966166 -0.0722164 0.0625984 
0.00130622 -3.77926 3.87246 -7.78973 -0.255931 0.125144 1.40153 
0.00130622 -11.3159 9.57518 4.72147 0.236735 -0.684163 -0.552503 
0.00130622 0.695394 -2.38632 -13.7056 0.427355 -0.155966 -0.127662 
0.00130622 -14.7795 17.4469 -1.55043 0.0445339 -0.718707 0.231269 
0.00130622 -6.30723 6.04007 7.13253 0.302879 -1.08863 -0.449774 
0.00130622 1.47124 14.5006 3.27324 0.126272 -0.266863 1.46675 
0.00130622 -6.53978 7.26763 -8.63543 1.17438 -1.33876 -0.176187 
0.00130622 -1.42116 19.7972 -3.07789 -0.517858 -0.928396 -0.470516 
0.00130622 -0.378027 -5.51346 -9.6059 0.100194 -0.0808033 0.556692 
0.00130622 -7.05212 7.61648 -4.41926 -1.22612 -0.740903 -0.444628 
0.00130622 10.6908 8.1127 3.09799 -0.486536 -0.224374 -0.309103 
0.00130622 5.66799 0.851173 -4.19421 1.04981 0.384787 0.126647 
0.00130622 -1.47279 8.38274 -18.7438 0.660864 -0.434644 -0.245239 
0.00130622 -13.0365 18.5084 -12.3904 0.264623 -0.132718 0.149651 
0.00130622 -3.02341 5.5891 -4.45089 1.69639 -1.55786 0.431517 
0.00130622 -4.57503 11.2086 13.7979 0.119788 -0.412098 0.558135 
0.00130622 7.68172 20.5326 -4.65563 0.945635 -0.226955 0.4134 
0.00130622 9.49107 11.1104 -2.18855 -0.883378 -0.621841 -0.248948 
0.00130622 6.42935 20.0401 -8.90678 -0.421908 -0.755048 0.58091 
0.00130622 -13.6808 1.36602 -10.6775 0.469813 -0.121496 0.588015 
0.00130622 -15.4095 18.7768 -0.481403 -0.12362 -0.62765 0.423047 
0.00130622 1.36291 19.0536 -10.5445 -0.278636 0.35966 0.6576 
0.00130622 2.46746 14.4397 -2.81045 -0.735749 -1.38446 -0.798825 
0.00130622 -9.9314 6.48666 4.05321 0.932015 0.13673 0.801349 
0.00130622 2.851 9.4429 3.94709 1.37889 -0.764513 1.02568 
0.00130622 -0.00113863 -0.80906 -10.0641 1.19848 -0.113325 -0.171124 
0.00130622 5.5784 19.0574 -1.41431 0.752669 -0.933538 0.984 
0.00130622 5.859 15.1541 0.39113 1.32413 0.0912131 -0.328645 
0.00130622 -8.65045 3.357 1.4872 -0.727753 0.247625 -0.303056 
0.00130622 -3.48646 7.57508 -6.87752 -1.66542 -0.681691 0.384678 
0.00130622 2.57502 19.4114 0.831101 -0.812337 -0.165403 -0.329311 
0.00130622 -4.03604 -1.32874 13.6441 0.269159 -0.614278 0.409298 
0.00130622 -0.14826 -4.10405 0.53592 -0.172414 0.492648 0.32476 
0.00130622 4.83278 9.4494 1.19981 -0.802885 -0.482676 1.45028 
0.00130622 8.2491 9.34594 9.85047 -0.205242 0.27 0.0424788 
0.00130622 -10.61 4.6396 -10.9552 -0.654027 -0.977569 -0.0257004 
0.00130622 -8.64483 5.58574 -10.2789 0.170802 -0.578155 1.41674 
0.00130622 -6.7188 13.4577 9.75169 0.0919561 -1.31821 0.271411 
0.00130622 6.69519 21.4655 -8.80235 0.107625 -0.833111 0.93932 
0.00130622 4.04223 5.95713 4.79717 0.272784 0.062202 1.47812 
0.00130622 16.6888 17.9756 -13.9749 0.226524 -0.370467 0.194297 
0.00130622 7.705 9.45191 9.83395 0.0353429 -0.00722745 0.95654 
0.00130622 12.1542 10.1128 -14.2755 0.937584 -0.463888 0.439718 
0.00130622 9.93637 2.86989 -17.2159 -0.270826 -0.0255096 -0.0267424 
0.00130622 3.03547 6.34129 0.480416 1.09678 0.673721 -0.985092 
0.00130622 10.1657 20.0779 -12.6557 0.898234 -0.392135 0.0124554 
0.00130622 0.7132 13.4817 3.36144 0.67284 -1.85396 -0.266398 
0.00130622 8.54879 6.67741 5.17005 0.0768876 -1.22094 1.00852 
0.00130622 -7.82401 11.4269 6.13926 -0.0869246 0.194827 -0.87422 
0.00130622 -11.8216 18.0484 -8.61722 -0.272485 -0.442449 -0.688176 
0.00130622 6.23685 18.0921 13.5484 0.473013 -0.820351 -0.117276 
0.00130622 3.38514 20.7787 -4.82285 -0.125504 0.710099 0.494039 
0.00130622 11.1747 0.409101 -14.2059 0.636561 -0.359384 0.799843 
0.00130622 6.03286 -6.79604 4.03692 0.217957 -1.03289 0.577522 
0.00130622 -13.3303 8.86767 -13.7105 0.218886 0.524026 0.119961 
0.00130622 -0.798197 24.5296 -16.8909 0.0832665 -0.743193 -0.317007 
0.00130622 -6.01667 19.9465 2.24482 0.520726 -1.49771 0.518528 
0.00130622 11.02 -2.36941 -4.80403 1.05826 -0.677469 -0.104329 
0.00130622 2.49503 12.1979 -21.5539 -0.466548 -0.354113 -0.203195 
0.00130622 16.7704 -5.78908 -8.19545 0.0121713 -0.754562 0.117497 
0.00130622 1.57215 12.0814 0.391531 -1.06383 -1.25322 1.37453 
0.00130622 20.0548 8.15739 -5.0552 -0.232687 -0.525461 -0.278996 
0.00130622 -4.44312 -7.17325 12.3767 0.133402 -0.902794 0.295243 
0.00130622 14.0104 11.9558 12.1072 0.104827 -0.812436 -0.284306 
0.00130622 -13.3064 -1.72202 -13.1126 -0.399792 0.106648 0.143237 
0.00130622 7.90261 13.6135 12.6274 -0.477499 -0.8949 0.0897509 
0.00130622 -9.9642 31.5139 -2.68818 0.406212 -0.566984 -0.186183 
0.00130622 15.4671 16.5078 -3.22603 0.720283 -0.790395 -0.466114 
0.00130622 -1.57985 8.3201 -21.7412 -0.354451 -1.06199 0.351026 
0.00130622 -7.91026 23.4295 -2.37733 0.639989 -0.245957 1.12841 
0.00130622 -7.72618 0.00448227 6.56699 0.699379 -1.42442 0.214762 
0.00130622 11.6927 -0.103233 -5.17339 0.321874 -1.47905 -0.0129367 
0.00130622 20.8365 8.30031 -1.49854 0.276735 -1.10379 0.200182 
0.00130622 -14.6852 4.72504 0.105775 -0.325157 0.191396 1.01249 
0.00130622 -13.0768 14.7591 -9.64983 1.06444 -1.1533 0.416797 
0.00130622 -2.15411 -11.3764 -11.4241 -0.232945 -0.9113 0.402474 
0.00130622 9.02698 10.6499 -19.977 0.460038 -0.0351788 0.930906 
0.00130622 0.463987 21.5516 -4.07308 1.1186 0.298436 -0.500281 
0.00130622 -11.769 -14.215 8.01352 -0.0152204 -0.317007 -0.0172926 
0.00130622 11.8039 -11.322 -1.03389 -0.215161 -0.272984 0.612373 
0.00130622 0.382803 5.4511 0.285295 -0.941473 -2.11405 0.174365 
0.00130622 3.15846 4.3674 5.76914 0.0642845 0.74804 -0.749696 
0.00130622 -10.808 29.0029 -22.057 0.255637 -0.112526 0.197654 
0.00130622 8.17248 18.7126 -7.51717 -0.738071 0.446453 0.0379874 
0.00130622 0.550936 31.3372 -4.28301 0.636577 -0.945683 -0.170192 
0.00130622 9.31976 2.86697 10.7123 -0.0842877 0.365001 -0.401972 
0.00130622 19.1127 6.8586 -2.83259 -0.0967149 -1.15075 0.629507 
0.00130622 13.2895 12.5964 -28.4013 0.278562 -0.714651 0.447656 
0.00130622 1.77515 6.57701 -7.96797 -1.29964 -1.37285 1.02387 
0.00130622 4.75099 23.1094 -11.9734 -0.84881 -0.469606 -0.102632 
0.00130622 24.483 5.78265 11.9057 -0.176946 -0.416981 -0.0133841 
0.00130622 13.9353 18.2146 14.5633 0.784545 -0.779464 0.344444 
0.00130622 -10.6488 29.1242 13.461 0.500095 -0.0650168 0.517245 
0.00130622 2.32493 -22.2564 -2.06028 -0.153626 -0.497806 0.181339 
0.00130622 -5.93328 14.9942 9.35444 0.615298 -1.22751 -0.722415 
0.00130622 4.73121 -7.5367 -5.92662 -0.742149 -0.454457 0.775209 
0.00130622 -1.841 -5.79711 11.1588 0.465333 0.136647 0.936353 
0.00130622 0.609431 -6.50039 9.19589 -0.110908 0.548714 0.28384 
0.00130622 23.0501 -10.7145 -15.8894 0.143395 -0.756962 0.115422 
0.00130622 -19.8543 -6.80895 -14.1358 -0.0437994 -0.813695 -0.325674 
0.00130622 4.1307 0.494936 4.29918 -0.211721 0.944908 0.612363 
0.00130622 14.8607 -4.42597 26.7944 0.467043 -0.446355 0.086291 
0.00130622 21.9512 -7.86799 -1.36371 0.336497 -0.618961 0.824146 
0.00130622 -18.2057 -11.952 -24.7674 -0.0568146 -0.638583 0.453378 
0.00130622 -23.1311 -8.57081 -6.91329 0.830107 -0.518008 -0.166484 
