4.98914e-05 1.74668 -19.0253 6.79166 -0.420658 0.597319 -0.37661 
4.98914e-05 1.70056 -19.0035 6.83187 -0.305732 0.958783 -0.149375 
4.98914e-05 1.77301 -19.013 6.80016 -0.226915 0.402915 -0.187241 
4.98914e-05 1.81599 -19.0531 6.82844 -0.456958 0.639559 -0.435593 
4.98914e-05 1.76612 -19.0548 6.83716 -0.695444 0.931998 -0.759405 
4.98914e-05 1.76562 -19.0317 6.84715 -0.483433 0.362284 -0.433775 
4.98914e-05 1.69742 -19.0138 6.73435 -0.443397 0.535203 -0.415921 
4.98914e-05 1.74097 -19.0844 6.75588 -0.737709 0.845112 -0.827197 
4.98914e-05 1.70505 -19.0661 6.82502 -0.572025 1.37572 -0.16096 
4.98914e-05 1.76395 -19.1034 6.80479 -0.773282 0.381192 -0.298558 
4.98914e-05 1.66009 -19.0694 6.77171 -0.596702 1.22947 -0.342374 
4.98914e-05 1.80653 -19.0127 6.85303 -0.363113 0.367353 -0.256817 
4.98914e-05 1.68871 -19.0318 6.8169 -0.214266 1.16807 0.241418 
4.98914e-05 1.71912 -19.0313 6.70017 -0.632903 1.07188 -0.637859 
4.98914e-05 1.76783 -19.0456 6.87229 0.103137 1.09733 -0.308991 
4.98914e-05 1.73704 -19.1418 6.81504 -0.786619 0.553574 -0.350828 
4.98914e-05 1.82856 -19.108 6.78479 -0.42511 0.540804 -0.755788 
4.98914e-05 1.66061 -19.0497 6.83013 -0.0593864 1.33292 -0.312067 
4.98914e-05 1.71535 -18.9648 6.85092 0.0631914 1.07987 -0.560964 
4.98914e-05 1.84678 -19.082 6.78952 -0.325297 0.317494 -0.368678 
4.98914e-05 1.79518 -19.0147 6.71083 0.0541976 0.690252 -0.170641 
4.98914e-05 1.73804 -19.0712 6.86616 -0.250559 1.52145 -0.153152 
4.98914e-05 1.67811 -19.0555 6.79042 -0.478727 1.25416 0.35276 
4.98914e-05 1.78295 -18.9752 6.73598 0.138597 0.564962 -0.681371 
4.98914e-05 1.81123 -19.1279 6.79632 -0.878959 0.393101 -0.45478 
4.98914e-05 1.72113 -19.1651 6.83992 -0.792535 0.631312 -0.290588 
4.98914e-05 1.71454 -19.1183 6.73333 -0.816153 0.851269 -0.938396 
4.98914e-05 1.7597 -19.0421 6.93485 -0.602152 0.729098 -0.564282 
4.98914e-05 1.79136 -19.0742 6.76752 -0.802855 0.745528 -1.2128 
4.98914e-05 1.66261 -18.9737 6.81328 -0.390855 1.51859 -0.0466 
4.98914e-05 1.75355 -18.9316 6.80229 0.173618 1.28707 -0.504129 
4.98914e-05 1.65251 -19.0327 6.7769 0.117082 0.788854 0.228813 
4.98914e-05 1.73538 -19.1537 6.84983 -0.453628 0.348022 -0.721059 
4.98914e-05 1.78234 -19.0614 6.93065 -0.143404 0.76511 -0.159878 
4.98914e-05 1.85568 -19.1532 6.82122 -0.600288 0.595275 -0.504403 
4.98914e-05 1.79788 -19.0283 6.82095 0.353903 0.457643 -0.785219 
4.98914e-05 1.75548 -19.1167 6.77553 -1.14822 0.314197 -0.415461 
4.98914e-05 1.76371 -19.1259 6.69481 -0.667064 0.521464 -0.0482889 
4.98914e-05 1.61529 -19.0249 6.71252 -0.26528 0.826582 -0.696631 
4.98914e-05 1.64 -19.0899 6.81483 -0.695239 1.41766 0.0627008 
4.98914e-05 1.85269 -18.9837 6.80327 0.0299025 0.315314 -0.117471 
4.98914e-05 1.70658 -19.0216 6.78758 0.305969 1.0899 -1.09828 
4.98914e-05 1.76329 -19.0229 6.69938 0.34233 0.654606 -0.20328 
4.98914e-05 1.65897 -19.0238 6.80242 -0.0547578 1.58368 0.0793108 
4.98914e-05 1.73499 -19.056 6.86692 -0.253273 1.06023 -1.31902 
4.98914e-05 1.83495 -19.0057 6.86579 -0.155659 0.247121 0.0476759 
4.98914e-05 1.68805 -19.0024 6.68673 0.176231 1.08324 -0.596374 
4.98914e-05 1.78858 -19.0022 6.69584 -0.0835641 1.29753 0.161949 
4.98914e-05 1.62948 -18.951 6.84917 -0.210241 1.23395 -0.792626 
4.98914e-05 1.8202 -19.0603 6.64774 -0.475905 0.651229 -0.63815 
4.98914e-05 1.77665 -19.1215 6.83547 -1.09311 0.374742 0.0853109 
4.98914e-05 1.73755 -18.9387 6.77692 0.496322 0.75603 -0.35116 
4.98914e-05 1.7309 -18.9804 6.96204 -0.258955 0.786911 -0.382574 
4.98914e-05 1.67457 -18.9595 6.89276 -0.204017 1.08452 0.214967 
4.98914e-05 1.79041 -19.1812 6.87024 -0.666053 1.02189 -0.832775 
4.98914e-05 1.83027 -19.041 6.68269 -0.124335 0.599011 0.159861 
4.98914e-05 1.65167 -19.1855 6.78175 -0.931531 0.931777 -0.500587 
4.98914e-05 1.68104 -19.0395 6.67568 -0.153024 0.952367 0.263656 
4.98914e-05 1.70867 -19.1544 6.75628 -1.16429 0.462101 -0.354607 
4.98914e-05 1.86227 -19.1083 6.76558 -0.824441 0.313308 0.0185557 
4.98914e-05 1.63045 -19.0432 6.79148 0.20013 1.51217 -0.33808 
4.98914e-05 1.69829 -19.1627 6.76099 -1.10781 0.894192 -0.786303 
4.98914e-05 1.73876 -18.9077 6.78929 0.271595 0.758805 -0.82189 
4.98914e-05 1.85657 -19.0231 6.91891 -0.0427289 0.542548 -0.509871 
4.98914e-05 1.76865 -19.1297 6.84262 -0.748049 0.167794 0.200599 
4.98914e-05 1.7851 -18.9331 6.82867 0.134284 0.566299 0.279952 
4.98914e-05 1.85073 -19.1348 6.92031 -0.502662 0.636048 -0.595616 
4.98914e-05 1.7742 -19.1073 6.72629 -0.803899 0.313399 0.334418 
4.98914e-05 1.75524 -19.161 6.83697 -1.02426 0.224658 -0.380476 
4.98914e-05 1.60232 -19.0089 6.7282 -0.0893916 1.37329 -0.668031 
4.98914e-05 1.63725 -19.0627 6.7846 -0.275634 1.49838 -1.09607 
4.98914e-05 1.81902 -19.0429 6.69253 -0.260724 0.0250676 -0.29202 
4.98914e-05 1.78744 -18.9321 6.83783 0.207603 0.180321 -0.194642 
4.98914e-05 1.70338 -19.0826 6.72567 -1.42697 1.12911 -0.171402 
4.98914e-05 1.83834 -19.065 6.72099 -0.502018 0.181071 -1.0222 
4.98914e-05 1.80191 -19.078 6.96612 -0.538396 0.906357 0.0478874 
4.98914e-05 1.85935 -19.079 6.76919 -0.239126 0.0325319 -0.833375 
4.98914e-05 1.90372 -19.1129 6.86727 -0.776872 0.423476 -0.283849 
4.98914e-05 1.71449 -19.1773 6.76576 -1.26494 0.662181 -0.247916 
4.98914e-05 1.78358 -19.1522 6.71851 -1.20224 0.646928 -0.671379 
4.98914e-05 1.8035 -19.0737 6.75302 -1.16352 0.45358 -1.15143 
4.98914e-05 1.74805 -18.9491 6.71345 0.373534 1.05059 -0.85895 
4.98914e-05 1.7448 -19.1764 6.84201 -0.877577 1.02373 -1.10997 
4.98914e-05 1.68296 -19.1974 6.87065 -0.972629 1.11964 -0.265852 
4.98914e-05 1.67952 -18.999 6.97032 -0.32943 1.24166 -0.548747 
4.98914e-05 1.88324 -19.1377 6.83105 -0.566298 0.318447 -0.852402 
4.98914e-05 1.57643 -18.9899 6.89162 -0.0340383 1.13226 -0.432066 
4.98914e-05 1.77394 -19.1569 6.79839 -1.26373 0.543684 -0.860652 
4.98914e-05 1.8086 -19.1677 6.74135 -1.14625 0.488849 -0.113671 
4.98914e-05 1.76464 -19.0651 6.84888 -0.527884 0.453253 -1.51153 
4.98914e-05 1.86042 -19.0682 6.77172 -0.553622 -0.0126694 0.144958 
4.98914e-05 1.83317 -19.1499 6.79555 -1.11192 0.39538 0.0609117 
4.98914e-05 1.67995 -18.9774 6.85117 0.212511 1.34285 0.332166 
4.98914e-05 1.78774 -18.9518 6.75397 0.566928 0.507984 -0.139087 
4.98914e-05 1.85968 -18.9332 6.74777 0.187182 0.405935 -0.0730343 
4.98914e-05 1.90099 -18.9828 6.89305 -0.199187 0.451416 0.0182114 
4.98914e-05 1.91786 -19.1232 6.83116 -0.786927 0.423253 -0.0740334 
4.98914e-05 1.86597 -18.9187 6.77963 -0.147182 0.114549 -0.319932 
4.98914e-05 1.69394 -19.1661 6.90706 -1.03442 0.75267 -0.710981 
4.98914e-05 1.59861 -19.0058 6.83611 -0.00913277 1.43129 0.131367 
4.98914e-05 1.61994 -18.969 6.93531 -0.419786 1.31715 -0.592409 
4.98914e-05 1.88452 -19.0174 6.91442 -0.288732 0.212166 -0.415298 
4.98914e-05 1.85641 -19.1012 6.73367 -0.942897 0.0742509 -0.271071 
4.98914e-05 1.83314 -19.0432 6.92286 -0.242677 0.0466043 -0.325054 
4.98914e-05 1.64601 -18.9864 6.72772 0.0932977 1.22617 -1.1389 
4.98914e-05 1.70016 -19.0834 6.68465 -0.492677 1.11758 0.55719 
4.98914e-05 1.86473 -18.9687 6.86581 0.127044 0.27875 -0.765996 
4.98914e-05 1.82786 -18.9162 6.87886 0.216193 0.965494 -0.853587 
4.98914e-05 1.78911 -18.9274 6.7282 0.512459 0.687271 -0.590152 
4.98914e-05 1.78901 -18.9113 6.76245 0.558419 0.844234 -0.271958 
4.98914e-05 1.85793 -18.9403 6.91452 -0.0748374 0.327673 -0.227116 
4.98914e-05 1.84052 -19.1632 6.73398 -0.935547 0.236321 -0.129025 
4.98914e-05 1.58919 -19.0783 6.7689 -0.0476498 1.61458 -0.1412 
4.98914e-05 1.8836 -19.0345 6.64371 -0.112781 0.648741 -0.042984 
4.98914e-05 1.81005 -19.1352 6.70526 -1.29838 0.528108 -0.350817 
4.98914e-05 1.63793 -18.8873 6.77806 0.251729 1.19628 -0.273006 
4.98914e-05 1.84267 -18.9533 6.88851 -0.192748 0.0569211 -0.105712 
4.98914e-05 1.70373 -18.9089 6.73515 0.47133 0.97579 -0.644257 
4.98914e-05 1.68404 -19.0825 6.88927 -0.687463 0.80146 -1.39988 
4.98914e-05 1.78075 -18.9512 6.68094 0.154363 0.788423 0.318967 
4.98914e-05 1.81651 -19.1156 6.77591 -0.711565 -0.253455 -0.309684 
4.98914e-05 1.83362 -18.933 6.69487 0.346237 0.678182 -0.557723 
4.98914e-05 1.68759 -19.0007 6.9183 0.257124 1.39901 -0.00587863 
4.98914e-05 1.65664 -18.9812 6.67927 -0.331795 1.54987 0.157918 
4.98914e-05 1.86017 -18.9079 6.76891 0.264407 0.553821 0.0168313 
4.98914e-05 1.78835 -19.2402 6.80121 -1.07003 0.8267 -0.634874 
4.98914e-05 1.60658 -18.9329 6.78235 0.317416 0.800672 0.0544466 
4.98914e-05 1.79186 -18.919 6.70681 0.394382 0.458274 -0.477662 
4.98914e-05 1.79996 -18.9054 6.71598 0.362731 0.456017 -0.532182 
4.98914e-05 1.64531 -19.1705 6.78664 -0.585251 1.75439 -0.573037 
4.98914e-05 1.80442 -19.1816 6.78428 -1.22581 0.278577 -0.328375 
4.98914e-05 1.74152 -18.9091 6.67062 0.272832 1.14457 -0.608843 
4.98914e-05 1.6833 -18.9633 6.71458 0.107245 1.15372 0.516656 
4.98914e-05 1.91869 -19.0885 6.78682 -0.156838 0.108314 -0.750259 
4.98914e-05 1.73905 -18.8482 6.87218 0.282195 0.868498 -0.490444 
4.98914e-05 1.86717 -19.0711 6.79836 -0.0104174 -0.146088 -0.694844 
4.98914e-05 1.82199 -18.9133 6.73831 0.273289 0.197581 -0.582976 
4.98914e-05 1.86539 -18.8586 6.86988 -0.0911611 0.490064 -0.691122 
4.98914e-05 1.58361 -19.0625 6.8313 -0.574417 1.80146 -0.42674 
4.98914e-05 1.9041 -18.9638 6.84326 -0.200326 0.247697 -0.979291 
4.98914e-05 1.8563 -19.1438 6.84246 -0.743983 -0.0442466 -0.0938104 
4.98914e-05 1.79919 -18.8942 6.75092 0.320339 0.825095 -1.02458 
4.98914e-05 1.80682 -19.1998 6.71316 -1.15557 0.489502 -0.519221 
4.98914e-05 1.6004 -19.1107 6.7867 -0.515142 1.71369 -0.886125 
4.98914e-05 1.70431 -18.9633 6.73954 -0.28187 0.722644 -1.58315 
4.98914e-05 1.90855 -19.0867 6.72797 -0.910299 0.183815 -0.690087 
4.98914e-05 1.74349 -18.916 6.75113 0.631074 0.588304 -0.102198 
4.98914e-05 1.60442 -19.0233 6.64685 -0.743979 1.37809 -0.0609734 
4.98914e-05 1.71494 -19.0119 6.86824 0.704481 1.33136 -0.723228 
4.98914e-05 1.9049 -19.1206 6.84988 -0.212825 0.0918141 -0.00876299 
4.98914e-05 1.72331 -18.8514 6.78646 0.395054 1.12423 -0.541348 
4.98914e-05 1.81247 -19.1945 6.83741 -1.2408 0.434648 -0.138799 
4.98914e-05 1.86569 -18.9783 6.80134 0.582411 0.465941 -0.0765669 
4.98914e-05 1.85519 -19.1946 6.7102 -0.903113 0.725811 -0.9314 
4.98914e-05 1.58134 -19.143 6.75712 -0.825286 1.52122 -0.683827 
4.98914e-05 1.67019 -19.0953 6.71977 -0.363909 1.32753 -1.43089 
4.98914e-05 1.79054 -19.1726 6.70202 -1.33829 0.820576 -0.630714 
4.98914e-05 1.59706 -19.1597 6.90704 -0.464291 1.35382 0.0469443 
4.98914e-05 1.74403 -19.1597 6.68821 -1.38334 0.997081 -0.250007 
4.98914e-05 1.54692 -18.9649 6.78507 0.0422696 1.19604 0.141538 
4.98914e-05 1.6074 -19.0675 6.67615 -0.610355 1.62476 -0.0432889 
4.98914e-05 1.57722 -19.0414 6.81775 0.296255 1.45164 -0.0286697 
4.98914e-05 1.61525 -19.1167 6.86581 -0.708008 1.6316 -0.945123 
4.98914e-05 1.73055 -18.8576 6.84917 0.333089 0.413603 -0.597508 
4.98914e-05 1.78694 -19.0401 6.61104 -0.976314 0.999227 0.172352 
4.98914e-05 1.71246 -18.8461 6.77078 0.354386 1.02075 -0.0105015 
4.98914e-05 1.63112 -18.9495 6.84868 -0.120079 1.74461 0.130015 
4.98914e-05 1.6245 -18.9738 6.73382 -0.0122817 1.83049 -0.583518 
4.98914e-05 1.55915 -18.998 6.82487 -0.177471 1.56256 -0.890203 
4.98914e-05 1.93642 -18.9895 6.75724 0.117151 0.210183 -0.196777 
4.98914e-05 1.72368 -18.827 6.77694 0.187696 1.04239 -0.874274 
4.98914e-05 1.68836 -19.2065 6.80684 -1.22809 0.852904 0.20875 
4.98914e-05 1.65797 -18.81 6.74166 0.124647 1.03105 -0.30763 
4.98914e-05 1.94889 -19.0473 6.78493 -0.244872 0.0282885 -0.182357 
4.98914e-05 1.62727 -19.0791 6.64237 -0.451753 1.63551 -0.189513 
4.98914e-05 1.6827 -19.1955 6.77649 -1.15787 1.06698 -1.07852 
4.98914e-05 1.64167 -18.9138 6.80994 -0.000131786 1.83018 -0.402815 
4.98914e-05 1.7019 -18.9527 6.7767 0.608275 0.980478 -1.15503 
4.98914e-05 1.55954 -19.043 6.77876 -0.313731 1.79645 -0.537649 
4.98914e-05 1.57944 -18.9985 6.78636 0.130932 1.55265 0.147553 
4.98914e-05 1.70918 -18.8908 6.78679 0.636976 1.18576 -0.308152 
4.98914e-05 1.92654 -19.1345 6.71099 -0.782653 0.232969 -0.100765 
4.98914e-05 1.69967 -18.8572 6.71386 0.185846 1.44836 -0.274714 
4.98914e-05 1.80324 -19.0988 6.56875 -0.40932 0.548467 -0.0289822 
4.98914e-05 1.66447 -19.1963 6.79382 -1.23502 1.44268 -0.169024 
4.98914e-05 1.65948 -19.1637 6.6218 -0.774273 1.38219 -0.40454 
4.98914e-05 1.81646 -18.8923 6.66517 0.00563478 0.462137 0.173816 
4.98914e-05 1.61127 -18.916 6.74591 0.0796247 1.44452 -0.947473 
4.98914e-05 1.64488 -18.8708 6.7861 0.376779 1.25493 -0.0969904 
4.98914e-05 1.9393 -19.063 6.91652 -0.541811 0.168477 -0.218526 
4.98914e-05 1.8621 -18.9825 6.77591 0.414977 0.0101249 -0.171302 
4.98914e-05 1.69368 -19.2196 6.82707 -1.12806 1.06136 -1.01511 
4.98914e-05 1.83448 -19.2115 6.82911 -1.28336 0.605382 -0.675825 
4.98914e-05 1.7392 -18.8115 6.77017 0.173141 1.32733 -0.563171 
4.98914e-05 1.74206 -18.9072 6.81887 0.554804 1.19969 -0.994877 
4.98914e-05 1.63362 -19.2155 6.81589 -1.04095 1.23419 -0.896481 
4.98914e-05 1.70239 -18.9329 6.77916 0.662912 1.29661 0.114859 
4.98914e-05 1.78773 -18.805 6.92093 0.0399289 0.774006 -0.308592 
4.98914e-05 1.60465 -18.9162 6.81687 -0.044757 1.70161 -0.737513 
4.98914e-05 1.90873 -18.9319 6.8051 0.457293 0.777609 -0.748169 
4.98914e-05 1.88126 -19.1117 6.77333 -0.837945 0.332345 -1.29634 
4.98914e-05 1.57331 -19.0091 6.72535 0.0152041 1.71793 -0.246403 
4.98914e-05 1.60977 -18.9164 6.85816 0.45162 1.18159 -0.607681 
4.98914e-05 1.9181 -18.9882 6.84324 -0.332061 -0.120332 -0.145686 
4.98914e-05 1.8433 -19.2538 6.74662 -0.998295 0.377032 -0.371393 
4.98914e-05 1.85661 -18.9984 6.7064 0.117932 0.0827645 -1.01764 
4.98914e-05 1.66175 -19.2094 6.86054 -0.937249 1.62784 -0.130298 
4.98914e-05 1.76031 -18.9929 7.03806 -0.0399263 0.551891 -0.156445 
4.98914e-05 1.92425 -19.1311 6.85195 -0.919831 0.106842 -0.10046 
4.98914e-05 1.50506 -19.0911 6.81034 -0.380006 1.62628 -0.347359 
4.98914e-05 1.93829 -18.8767 6.86688 0.0363064 0.46945 -0.669314 
4.98914e-05 1.62294 -19.2154 6.7207 -0.908736 1.53607 -0.225957 
4.98914e-05 1.85483 -19.2069 6.91221 -0.514523 0.0689702 -0.479815 
4.98914e-05 1.85983 -19.0507 6.68998 -0.46236 -0.273967 -0.481847 
4.98914e-05 1.61687 -19.1217 6.8625 -0.7701 1.91788 -0.249113 
4.98914e-05 1.89131 -19.0841 6.67929 -0.937861 0.0147341 -0.309237 
4.98914e-05 1.59049 -18.9858 6.73688 -0.133176 1.91021 -0.48996 
4.98914e-05 1.60335 -18.8628 6.84063 0.0629412 1.52622 -0.152463 
4.98914e-05 1.59308 -19.0246 6.86631 -0.0115753 1.59075 0.356291 
4.98914e-05 1.65978 -18.9384 6.99287 0.226176 1.06029 -0.235382 
4.98914e-05 1.59932 -18.9746 6.82597 0.142138 1.85661 -0.52709 
4.98914e-05 1.97237 -19.0691 6.8304 -0.570665 0.0320852 -0.156114 
4.98914e-05 1.65924 -18.9797 6.90249 0.129669 1.02647 -1.3961 
4.98914e-05 1.55709 -19.0469 6.91203 -0.0551894 1.62744 -0.511232 
4.98914e-05 1.5279 -19.0201 6.68662 -0.380434 1.38971 -0.921469 
4.98914e-05 1.59594 -18.9217 6.86963 -0.0667358 1.44017 0.328236 
4.98914e-05 1.69379 -19.1985 6.74869 -1.53176 0.972671 -0.225068 
4.98914e-05 1.69054 -18.9565 6.77364 0.759454 0.895966 0.332376 
4.98914e-05 1.71692 -18.8831 6.79068 0.291282 1.80532 -0.476967 
4.98914e-05 1.69222 -19.1106 6.95435 -0.886538 1.05967 -1.26753 
4.98914e-05 1.64532 -19.0144 6.87941 0.10603 1.87318 -0.902949 
4.98914e-05 1.73449 -19.3012 6.684 -0.957232 0.734212 -0.340409 
4.98914e-05 1.52963 -19.0781 6.78983 -0.871046 1.69071 -0.479256 
4.98914e-05 1.51982 -19.0871 6.83729 -0.643423 1.54093 0.125232 
4.98914e-05 1.76537 -19.2653 6.77176 -1.31163 0.694461 -0.5208 
4.98914e-05 1.5509 -18.9941 6.91154 -0.476923 1.61302 -0.767237 
4.98914e-05 1.97229 -18.9672 6.91936 -0.222473 0.236207 -0.324894 
4.98914e-05 1.73122 -19.1496 6.80085 -1.18234 1.32764 0.659656 
4.98914e-05 1.88215 -19.2794 6.72537 -0.73324 0.448023 -0.0576942 
4.98914e-05 1.71003 -18.8857 6.77697 0.330337 1.6298 0.161961 
4.98914e-05 1.97868 -19.0422 6.81452 -0.413506 -0.0443478 -0.362082 
4.98914e-05 1.71155 -19.2768 6.7539 -1.15587 1.05357 -0.765528 
4.98914e-05 1.64203 -19.2608 6.70241 -1.08175 1.10545 -0.580143 
4.98914e-05 2.0176 -19.0326 6.71699 -0.588401 0.289958 -0.1677 
4.98914e-05 1.63537 -18.8996 6.85099 0.118852 1.70758 0.0522237 
4.98914e-05 1.56096 -18.8294 6.70844 -0.000362664 1.20813 -0.254784 
4.98914e-05 1.81273 -19.0875 7.02459 -0.758748 0.305353 -0.093892 
4.98914e-05 1.90211 -19.1389 6.87612 -0.445769 -0.16356 -0.408569 
4.98914e-05 1.88092 -19.2014 6.73377 -1.29108 0.852421 0.029179 
4.98914e-05 1.71715 -19.1873 6.69296 -1.09403 1.61632 -0.775643 
4.98914e-05 1.63315 -18.9143 6.86441 -0.0815953 1.9114 -0.267732 
4.98914e-05 1.72592 -18.9888 6.65425 0.407014 0.807188 -1.20798 
4.98914e-05 1.64722 -18.8835 6.92838 0.315972 1.34301 -0.368369 
4.98914e-05 1.68757 -19.1194 6.84242 -0.159441 1.15485 0.94689 
4.98914e-05 1.86741 -18.8902 6.76723 0.505294 0.334456 -0.169563 
4.98914e-05 1.92382 -19.1723 6.82472 -0.777197 0.149991 0.184768 
4.98914e-05 1.98013 -18.9301 6.73909 -0.147718 0.135743 -0.339295 
4.98914e-05 1.95972 -19.1144 6.76744 -0.526641 -0.00924981 -0.761136 
4.98914e-05 1.84638 -19.2179 6.66886 -0.82025 0.199005 -0.716077 
4.98914e-05 1.65147 -18.9508 6.67457 0.487155 1.48934 -0.358099 
4.98914e-05 1.73196 -18.8972 6.88785 0.503626 0.735737 0.319036 
4.98914e-05 1.6941 -18.8197 6.831 0.418972 0.704586 -0.804768 
4.98914e-05 1.75719 -19.1749 7.01226 -1.10158 0.792682 -0.529016 
4.98914e-05 1.7465 -19.1765 6.73623 -1.36344 1.69961 -0.46632 
4.98914e-05 1.51987 -19.0457 6.81024 0.0622542 1.66994 -0.612957 
4.98914e-05 1.68567 -19.2096 6.82926 -1.34696 0.766997 0.308138 
4.98914e-05 1.65824 -19.2153 6.62101 -0.848242 1.28972 -0.748392 
4.98914e-05 1.94592 -18.8445 6.84841 0.273743 0.844364 -0.433103 
4.98914e-05 1.86655 -19.2314 6.8722 -1.18327 0.367211 -0.237379 
4.98914e-05 1.51177 -18.9658 6.84794 -0.263461 1.63789 -0.738274 
4.98914e-05 1.56304 -18.9194 6.8809 0.133949 1.43043 0.100296 
4.98914e-05 1.59362 -19.1811 6.65868 -0.843526 1.57268 -0.350029 
4.98914e-05 1.65215 -18.8754 6.86745 0.432327 0.549128 0.195783 
4.98914e-05 1.86981 -19.2166 6.80691 -0.81681 0.143895 0.268782 
4.98914e-05 1.88158 -19.1181 6.61571 0.000626713 0.344634 0.129619 
4.98914e-05 1.87947 -18.8294 6.66076 0.018104 0.521781 -0.754332 
4.98914e-05 1.67815 -18.8968 6.87374 0.368398 0.817973 -1.25092 
4.98914e-05 1.87989 -19.1616 6.63353 -0.818722 0.180896 -0.693888 
4.98914e-05 1.86905 -19.0978 6.78337 -0.985813 0.242741 -1.43285 
4.98914e-05 1.73118 -19.1961 6.90321 -0.949998 0.968657 0.595884 
4.98914e-05 1.78469 -18.8239 6.85425 0.365635 0.617543 0.174146 
4.98914e-05 1.68395 -19.2264 6.67216 -1.23037 1.13428 -0.00624567 
4.98914e-05 1.60706 -19.1774 6.71379 -1.01358 1.69855 -0.193264 
4.98914e-05 1.5051 -19.0892 6.78264 -0.596424 1.76661 -0.465058 
4.98914e-05 1.59854 -18.8264 6.83703 0.147172 1.4943 -0.423796 
4.98914e-05 1.57162 -18.8389 6.77818 -0.110552 1.61034 -0.608696 
4.98914e-05 1.95759 -18.9964 6.79334 0.193248 0.0104573 -0.231853 
4.98914e-05 1.79706 -18.819 6.88591 0.465104 0.682691 -0.247541 
4.98914e-05 1.65536 -19.16 6.96737 -1.16952 1.30359 -0.0576748 
4.98914e-05 1.51857 -19.1101 6.74222 -0.416692 1.55704 -1.00234 
4.98914e-05 2.00025 -19.0485 6.80227 -0.355934 -0.0348711 -0.232822 
4.98914e-05 1.54708 -18.9307 6.80758 0.327967 1.28289 -0.922899 
4.98914e-05 1.51166 -19.1562 6.72571 -0.403635 1.6615 -0.252972 
4.98914e-05 1.59991 -19.1904 6.82925 -1.16589 1.64334 -0.282281 
4.98914e-05 1.69398 -19.2537 6.76306 -1.39668 1.04314 -0.723521 
4.98914e-05 1.49182 -18.9876 6.80892 -0.644351 1.64073 0.0068984 
4.98914e-05 1.9918 -19.0378 6.81736 -0.782035 -0.0264678 -0.350855 
4.98914e-05 1.89419 -18.9923 6.91304 0.0772783 -0.133847 -0.476542 
4.98914e-05 1.96942 -18.9916 6.74599 0.112879 0.0195599 -0.435115 
4.98914e-05 1.87388 -19.0575 6.59193 -0.762982 0.388375 0.269265 
4.98914e-05 1.58709 -19.1993 6.8811 -0.605242 1.80619 -0.385325 
4.98914e-05 1.6501 -18.8237 6.89886 0.331039 1.28908 -0.215013 
4.98914e-05 1.98662 -19.1942 6.73215 -1.12988 0.589633 -0.47484 
4.98914e-05 1.8425 -18.8889 6.77255 0.718395 0.407858 -0.423787 
4.98914e-05 1.48976 -18.9248 6.85829 -0.00974718 1.47402 -0.639283 
4.98914e-05 1.59729 -19.0917 6.68137 -0.767507 1.90416 -0.668519 
4.98914e-05 1.43616 -18.9972 6.8154 -0.591353 1.52061 -0.315246 
4.98914e-05 1.71221 -19.2781 6.79177 -1.32654 1.09523 -0.754792 
4.98914e-05 2.01022 -19.1254 6.90094 -0.655698 0.218438 -0.136913 
4.98914e-05 1.82176 -18.8792 6.59611 -0.158383 0.307983 -0.862248 
4.98914e-05 1.61687 -19.2923 6.78266 -0.99169 1.09725 -0.932169 
4.98914e-05 1.60035 -19.0045 6.68979 -0.566944 1.98633 -0.0208873 
4.98914e-05 1.54387 -18.9272 6.80822 0.602743 1.04982 -0.378452 
4.98914e-05 1.93817 -18.9775 7.01517 -0.311434 0.305606 -0.627103 
4.98914e-05 1.89056 -19.0795 6.65319 -0.366823 -0.107611 -0.859795 
4.98914e-05 1.8887 -18.9745 6.70121 -0.091397 -0.28046 -0.577111 
4.98914e-05 1.56368 -18.9897 6.7639 0.164571 1.74056 0.17942 
4.98914e-05 2.02874 -19.0176 6.75801 -0.1965 0.0964476 -0.175211 
4.98914e-05 1.95968 -19.1086 6.80384 -0.538514 -0.0363498 -0.973123 
4.98914e-05 1.50353 -19.057 6.76985 -0.4406 1.68355 -0.960757 
4.98914e-05 1.58442 -19.2639 6.75731 -0.98622 1.35761 0.0577883 
4.98914e-05 1.77377 -19.2275 6.90793 -1.32272 0.735361 -0.949179 
4.98914e-05 1.44785 -19.127 6.85429 -0.760133 1.35276 -0.740667 
4.98914e-05 1.90046 -19.2154 6.94212 -1.18207 0.593839 -0.179641 
4.98914e-05 1.70578 -18.8074 6.7727 0.44174 1.43013 -0.521991 
4.98914e-05 1.59977 -18.9129 6.71175 0.0328733 1.77814 0.0869494 
4.98914e-05 1.65882 -18.896 6.68763 0.221127 1.49789 0.334134 
4.98914e-05 1.62812 -19.038 6.81261 -0.013049 1.15374 0.996045 
4.98914e-05 1.45576 -19.0936 6.78948 -0.725513 1.56957 -0.65201 
4.98914e-05 1.87222 -19.1989 6.73686 -1.21459 0.677186 -1.18007 
4.98914e-05 2.05433 -19.068 6.83498 -0.138438 0.182222 -0.430788 
4.98914e-05 1.94383 -19.1055 6.80947 -0.856549 -0.147543 -0.780215 
4.98914e-05 1.58926 -19.2141 6.85328 -1.20783 1.10646 -1.00488 
4.98914e-05 1.52544 -18.8079 6.77382 0.0918257 1.33665 -0.450493 
4.98914e-05 1.50471 -18.9482 6.83892 0.0993083 1.4627 -0.911012 
4.98914e-05 1.79404 -19.2553 6.8421 -1.46433 0.549538 -0.599886 
4.98914e-05 1.56558 -19.1995 6.82858 -0.772461 1.73644 0.0591896 
4.98914e-05 1.6392 -18.8282 6.88147 0.45065 1.28819 -0.228209 
4.98914e-05 1.96477 -19.0564 6.76201 -0.503587 -0.257277 -0.493683 
4.98914e-05 1.69785 -18.7963 6.77978 0.592124 0.92051 -0.255617 
4.98914e-05 1.89762 -18.7966 6.92479 -0.148579 0.241001 -0.563287 
4.98914e-05 1.54737 -19.0742 6.90003 -0.321735 1.92937 -0.299462 
4.98914e-05 1.79487 -18.8015 6.74618 0.579909 0.811798 -0.575719 
4.98914e-05 1.96061 -18.9579 6.90438 0.288779 0.260961 -0.0872146 
4.98914e-05 1.8821 -19.2675 6.74524 -1.1264 0.256859 -0.180496 
4.98914e-05 1.93536 -18.9272 6.75991 0.466135 0.172255 -0.249769 
4.98914e-05 1.59311 -19.151 6.6826 -0.633477 1.81775 -0.888893 
4.98914e-05 1.46125 -18.9233 6.73877 -0.492071 1.42947 -0.897037 
4.98914e-05 1.86425 -19.1767 6.77525 -1.19017 -0.175205 -0.327118 
4.98914e-05 1.60671 -18.9561 6.97992 0.386562 1.31592 -0.622685 
4.98914e-05 1.54539 -19.1483 6.9453 -1.03055 1.12221 0.215687 
4.98914e-05 1.58301 -19.2747 6.69007 -1.12917 1.14203 -0.196366 
4.98914e-05 1.51397 -18.7983 6.75801 0.155798 1.05301 -0.100287 
4.98914e-05 1.64603 -19.3219 6.84184 -0.991747 1.43866 -0.25149 
4.98914e-05 1.80196 -18.7854 6.81288 0.553857 0.75396 -0.213067 
4.98914e-05 1.63895 -18.8148 6.83954 0.557631 1.00803 -0.631065 
4.98914e-05 1.52625 -19.1734 6.8061 -0.268655 1.85278 -0.497188 
4.98914e-05 1.58891 -18.902 6.76874 0.314756 1.79442 -0.4114 
4.98914e-05 1.81154 -19.3191 6.7971 -1.13528 0.495119 -0.814481 
4.98914e-05 2.00168 -18.9265 6.95968 0.222715 0.725973 -0.331696 
4.98914e-05 1.53583 -18.8831 6.73755 0.316003 1.43167 -0.630078 
4.98914e-05 1.44112 -19.1489 6.76633 -0.592512 1.55258 -0.152867 
4.98914e-05 1.95399 -18.8914 6.8116 0.480328 0.359607 -0.341962 
4.98914e-05 1.70717 -18.8289 6.85944 0.68035 1.15861 -0.367997 
4.98914e-05 1.71632 -18.7485 6.81592 0.34202 1.27193 -0.589922 
4.98914e-05 1.56399 -19.2802 6.85139 -1.00655 1.43224 -0.544519 
4.98914e-05 1.56494 -18.9648 6.84015 -0.248905 1.76312 -1.20518 
4.98914e-05 1.87495 -19.1582 6.8392 -0.980854 0.204151 -1.36593 
4.98914e-05 1.86382 -19.0327 7.06491 -0.411368 0.129344 -0.3219 
4.98914e-05 1.61677 -19.1023 6.58492 -0.790883 1.71388 -0.482713 
4.98914e-05 1.95543 -19.1112 6.86575 -1.10353 -0.0371215 -0.381058 
4.98914e-05 1.98959 -19.0517 6.77626 -0.733801 -0.0126491 -0.957007 
4.98914e-05 1.56675 -19.1438 6.78066 -0.437125 1.88317 0.287041 
4.98914e-05 1.45815 -18.8851 6.76315 0.0192083 1.4701 -0.435805 
4.98914e-05 1.96403 -18.9864 6.78653 -0.741374 -0.214887 -0.717867 
4.98914e-05 1.91224 -18.8271 6.85517 0.249934 0.186344 -0.229654 
4.98914e-05 1.47363 -19.1161 6.77219 -0.423931 1.80279 -0.421132 
4.98914e-05 1.55408 -18.9857 6.8512 0.175562 1.78912 0.139934 
4.98914e-05 1.85856 -18.9132 6.98555 0.149796 0.171616 -0.753374 
4.98914e-05 1.76431 -18.8058 6.75149 0.668611 0.859267 -0.156794 
4.98914e-05 1.54311 -19.1421 6.86154 -0.491515 1.89744 -0.780657 
4.98914e-05 1.85682 -19.0952 6.71549 -0.532257 0.221286 0.877883 
4.98914e-05 1.74615 -19.2391 6.82831 -1.54286 0.923525 -0.940785 
4.98914e-05 1.65873 -18.7394 6.83157 0.156093 1.33928 -0.0247007 
4.98914e-05 1.96431 -19.0971 6.76878 -1.01054 -0.10158 -0.0663314 
4.98914e-05 1.5349 -19.1659 6.60241 -0.751078 1.52247 -0.381606 
4.98914e-05 1.85901 -19.3687 6.754 -0.66419 0.264565 -0.132882 
4.98914e-05 1.83047 -19.2582 6.72377 -1.48777 0.7404 -0.144692 
4.98914e-05 1.62674 -18.8613 6.79648 0.734207 1.00565 -0.722733 
4.98914e-05 1.73635 -18.8886 6.81086 0.837623 1.49127 -0.173489 
4.98914e-05 1.91235 -18.7056 6.88621 -0.0585152 0.50675 -0.440169 
4.98914e-05 1.69853 -18.8302 6.92992 0.523969 1.21087 -0.592315 
4.98914e-05 2.11197 -19.194 6.8004 -0.284336 0.408044 -0.336045 
4.98914e-05 1.88709 -18.8345 6.84107 0.189408 0.0429436 -0.740536 
4.98914e-05 1.56935 -18.7749 6.84017 0.257093 1.20558 -0.0760509 
4.98914e-05 1.67458 -18.6894 6.81883 0.240265 0.888411 -0.245648 
4.98914e-05 1.7107 -19.248 6.78643 -1.65246 1.04179 -0.466758 
4.98914e-05 1.63407 -19.2365 6.71115 -1.23499 1.42571 -0.891144 
4.98914e-05 1.52815 -19.0449 6.81784 -0.144187 1.99872 -0.686143 
4.98914e-05 1.96461 -19.1549 6.66877 -1.28921 0.493492 -0.581769 
4.98914e-05 1.58787 -18.856 6.84483 0.230207 1.67073 0.00357586 
4.98914e-05 1.72321 -19.0964 7.08774 -0.269796 1.26011 -0.990094 
4.98914e-05 1.62579 -18.7901 6.68645 0.062563 1.56647 -0.633589 
4.98914e-05 1.79383 -19.3139 6.97444 -1.00931 1.14114 -0.0784872 
4.98914e-05 1.6984 -18.8092 6.77751 0.35994 1.42653 0.263886 
4.98914e-05 1.98164 -19.0302 6.89607 -0.396428 -0.0900159 -0.866094 
4.98914e-05 2.04608 -18.9764 6.73089 -0.335985 0.0180942 -0.592067 
4.98914e-05 1.46843 -19.0548 6.76778 -0.678222 1.82331 -0.545521 
4.98914e-05 1.81882 -19.11 6.98369 -1.09466 0.309944 0.399933 
4.98914e-05 1.76131 -19.3444 6.81777 -1.18153 1.00683 -0.868888 
4.98914e-05 1.95323 -18.8098 6.95327 0.0478567 0.453638 -0.120839 
4.98914e-05 1.50729 -19.0346 6.85654 0.111296 1.84184 -0.306618 
4.98914e-05 2.03393 -19.0044 6.98224 -0.322852 0.196676 -0.344718 
4.98914e-05 1.86461 -19.2474 6.70498 -1.41044 0.826125 -0.822095 
4.98914e-05 2.01876 -19.1606 6.88121 -0.436275 0.0297525 -0.684002 
4.98914e-05 1.52071 -18.8994 6.80007 0.173214 1.75003 -0.413855 
4.98914e-05 1.6268 -18.8764 6.78481 0.53782 1.62763 0.0161853 
4.98914e-05 1.5696 -18.8026 6.7857 0.473284 1.20838 -0.471158 
4.98914e-05 1.63445 -19.1653 6.87098 -0.980996 1.23903 -1.54037 
4.98914e-05 1.55801 -18.7894 6.81663 0.162839 1.54494 -0.309042 
4.98914e-05 1.56118 -19.2608 6.76188 -1.01596 1.60332 -0.0992477 
4.98914e-05 1.60324 -19.2955 6.82336 -0.850056 1.61144 -0.832533 
4.98914e-05 2.04012 -19.0033 6.70365 -0.214957 -0.0101054 -0.41333 
4.98914e-05 1.42956 -19.1839 6.76509 -0.371033 1.56199 -0.0628486 
4.98914e-05 1.77666 -19.1796 6.90274 -1.76695 0.846041 -0.56272 
4.98914e-05 1.94636 -18.9717 6.95568 0.329423 0.166331 -0.397327 
4.98914e-05 1.53732 -19.0751 6.85241 -0.461921 2.09774 -0.45357 
4.98914e-05 1.63918 -18.7989 6.80317 0.666214 0.755725 -0.494141 
4.98914e-05 1.85174 -19.3209 6.79427 -1.08157 0.147998 -0.488982 
4.98914e-05 1.51242 -19.064 6.90666 -0.464427 1.7756 -0.950847 
4.98914e-05 2.02241 -19.0192 6.78999 0.0304953 -0.0939837 -0.365169 
4.98914e-05 1.86377 -19.2239 6.84092 -1.40269 0.0966561 -0.432486 
4.98914e-05 1.42948 -19.0789 6.70896 0.0505243 1.52727 -0.217099 
4.98914e-05 1.47061 -19.0669 6.74293 -0.246535 1.68873 0.212007 
4.98914e-05 1.73975 -19.3105 6.89149 -1.3353 1.26697 -0.324573 
4.98914e-05 1.56925 -19.1927 6.83154 -1.03637 1.88294 -0.262629 
4.98914e-05 1.83441 -19.3467 6.73957 -1.29712 0.975048 -0.427283 
4.98914e-05 1.81353 -19.3374 6.80916 -1.32311 0.670839 -0.0846591 
4.98914e-05 1.95359 -19.0239 6.7761 -0.275938 -0.262724 -1.00826 
4.98914e-05 1.53684 -19.0277 6.97021 -0.943402 1.71646 -0.500934 
4.98914e-05 1.79426 -19.2223 6.7028 -0.858375 0.693837 0.800266 
4.98914e-05 1.47912 -19.2003 6.88622 -0.582449 1.55357 -0.878656 
4.98914e-05 1.82264 -18.9331 6.71586 0.563841 0.550126 -1.39897 
4.98914e-05 1.93829 -18.7885 6.76171 0.364364 0.406116 -0.488978 
4.98914e-05 1.99316 -19.085 6.88523 -0.201 -0.0494825 -0.919437 
4.98914e-05 2.02953 -18.9684 6.92777 -0.324275 0.0355886 -0.127151 
4.98914e-05 1.61863 -18.7391 6.76824 0.31757 1.33674 -0.458267 
4.98914e-05 1.64083 -19.3981 6.76904 -1.10047 1.07023 -0.403373 
4.98914e-05 1.56731 -18.818 6.67002 0.0936752 1.34778 0.181486 
4.98914e-05 1.98099 -18.9387 6.77751 -0.0925419 0.053555 -1.12532 
4.98914e-05 1.57401 -19.2605 6.76056 -1.03635 1.64889 -0.0373019 
4.98914e-05 1.51039 -18.8839 6.72145 0.164947 1.66354 -0.522185 
4.98914e-05 1.95191 -19.1653 6.78869 -0.986331 -0.056304 -0.924324 
4.98914e-05 1.93015 -19.1826 6.81491 -1.16615 -0.121413 -0.332456 
4.98914e-05 1.73249 -18.8054 6.76722 0.742486 0.787435 -0.0358149 
4.98914e-05 2.04448 -19.0076 6.71466 -0.0896403 0.0452996 -0.720414 
4.98914e-05 1.45678 -19.1549 6.72999 -0.755825 1.70314 -0.188561 
4.98914e-05 1.96551 -19.2042 6.76917 -1.34626 0.516539 -0.859307 
4.98914e-05 1.54833 -18.9327 6.79184 0.507128 1.64552 -0.708009 
4.98914e-05 1.86955 -19.2558 6.74151 -1.41648 0.387738 -0.752413 
4.98914e-05 1.46516 -18.9719 6.66802 -0.352909 1.76138 -0.470111 
4.98914e-05 1.52215 -19.0979 6.85856 -0.959888 1.94427 -0.34363 
4.98914e-05 2.06379 -18.9396 6.83139 -0.685539 0.00623798 -0.434168 
4.98914e-05 1.83556 -18.8055 6.81305 0.51712 0.928224 -1.08698 
4.98914e-05 1.87149 -19.2874 6.77029 -1.40342 0.467514 -0.10262 
4.98914e-05 1.46437 -19.0689 6.68827 -0.314925 1.71697 -0.821251 
4.98914e-05 1.85198 -19.2077 6.91473 -0.982006 -0.217855 -0.450588 
4.98914e-05 1.54743 -19.0502 6.71232 -0.667469 2.10804 -0.52891 
4.98914e-05 1.68684 -19.3455 6.80437 -1.37786 0.617768 -0.393023 
4.98914e-05 1.71704 -18.8235 6.59035 0.221694 1.45704 -0.641252 
4.98914e-05 1.87269 -18.7293 6.81591 0.306549 0.383277 -0.577706 
4.98914e-05 1.59156 -19.219 6.90142 -0.969019 1.7515 0.0474757 
4.98914e-05 1.50826 -19.0809 6.89936 -0.30706 1.87672 0.0683886 
4.98914e-05 1.80251 -18.7507 6.86656 0.34867 0.341709 -0.0125571 
4.98914e-05 2.02802 -18.9806 6.74912 0.0981251 0.241535 -1.03606 
4.98914e-05 1.57448 -18.7557 6.76963 0.401763 1.1835 -0.20052 
4.98914e-05 1.6963 -18.7566 6.82841 0.56774 1.20051 -0.256798 
4.98914e-05 1.7748 -18.7551 6.74229 0.609923 0.728001 -0.443914 
4.98914e-05 1.63759 -18.9148 6.59301 0.620458 1.00511 -0.373015 
4.98914e-05 1.82707 -18.837 6.84052 0.690285 0.544574 0.160799 
4.98914e-05 1.89215 -19.337 6.69656 -0.789314 0.117444 -0.26689 
4.98914e-05 1.87995 -18.8495 6.83888 0.0504842 -0.282775 -0.304562 
4.98914e-05 1.36729 -19.0357 6.70861 -0.234309 1.50259 -0.468133 
4.98914e-05 1.87406 -18.8131 6.72476 0.322762 0.446219 0.341369 
4.98914e-05 1.98463 -19.3353 6.78261 -1.03407 0.539575 -0.659727 
4.98914e-05 1.48874 -18.852 6.8399 0.0343561 1.65752 -0.149795 
4.98914e-05 1.46871 -19.1491 6.71119 -0.637454 1.78698 -0.580689 
4.98914e-05 2.0761 -19.1627 6.84103 -0.8979 0.407791 -0.894843 
4.98914e-05 1.67617 -18.9866 6.60955 0.0804088 1.25032 0.706845 
4.98914e-05 1.98993 -19.2532 6.84174 -1.25893 0.465305 -0.21708 
4.98914e-05 1.50343 -19.0506 6.66726 -0.118148 1.87499 -0.228691 
4.98914e-05 1.53407 -19.0077 6.66918 -0.294349 1.74155 0.365716 
4.98914e-05 1.93489 -18.8198 6.86335 0.18722 0.0292701 -0.396815 
4.98914e-05 1.90483 -19.3009 6.81815 -1.00516 0.0286842 -0.416223 
4.98914e-05 1.40014 -18.9226 6.86917 -0.0444051 1.50314 -0.244532 
4.98914e-05 1.78595 -18.924 6.90606 0.88852 0.914387 -0.968465 
4.98914e-05 1.58247 -18.9241 6.76277 0.0779472 2.11104 -0.267924 
4.98914e-05 1.60001 -19.264 6.94346 -1.19429 1.43639 -0.439979 
4.98914e-05 1.96975 -19.1527 7.01779 -0.320415 0.0741224 -0.529438 
4.98914e-05 1.97608 -18.8912 6.88175 0.154466 -0.00891387 -0.578977 
4.98914e-05 1.93636 -18.8369 6.77402 0.310877 0.0536492 -0.176949 
4.98914e-05 1.49223 -18.9989 6.6972 0.0530298 1.81535 -0.606141 
4.98914e-05 1.56133 -18.8174 6.817 0.172369 1.74874 -0.297368 
4.98914e-05 1.81534 -18.6239 6.77331 0.0792492 0.555788 -0.297698 
4.98914e-05 1.47321 -19.304 6.70912 -0.913092 1.2614 -0.678513 
4.98914e-05 1.90449 -19.2106 6.93231 -0.838003 -0.0476056 -0.842808 
4.98914e-05 1.97328 -18.8766 6.72941 0.515789 0.597952 -0.824394 
4.98914e-05 1.84241 -18.83 6.79073 0.63012 1.24377 0.225339 
4.98914e-05 1.73918 -18.8988 6.71072 1.02954 0.727897 -0.318205 
4.98914e-05 1.51111 -19.1813 6.67497 -1.36108 1.24293 -0.453967 
4.98914e-05 1.47822 -18.9893 6.87528 0.225896 1.56113 0.132977 
4.98914e-05 2.06593 -19.1127 6.68714 -0.759788 0.0746632 -0.520371 
4.98914e-05 1.67892 -19.0861 7.09104 -0.586491 0.957582 0.476803 
4.98914e-05 1.4145 -19.0462 6.7089 -0.590164 1.72969 -0.350824 
4.98914e-05 1.65089 -19.1775 7.04194 -0.500139 1.71784 -0.00786269 
4.98914e-05 1.43511 -19.077 6.69777 0.0499774 1.64471 -0.52059 
4.98914e-05 1.66255 -18.8618 6.73904 0.842143 1.14853 0.0104712 
4.98914e-05 1.50006 -19.2004 6.7688 -1.20394 1.41248 0.117251 
4.98914e-05 2.01249 -19.2691 6.85788 -1.13772 0.389527 -0.299613 
4.98914e-05 1.78071 -19.2887 6.7602 -1.53604 0.677903 0.0651099 
4.98914e-05 1.6262 -19.2234 6.8234 -1.62451 1.38464 -0.530067 
4.98914e-05 1.7874 -19.3121 6.71015 -1.50092 0.893882 -0.470475 
4.98914e-05 1.6182 -19.2678 6.90669 -1.21271 1.59379 -0.263626 
4.98914e-05 2.0559 -18.949 6.71063 -0.0302691 0.0592644 -0.640504 
4.98914e-05 1.62805 -18.8214 6.83164 0.513511 1.64477 -0.332564 
4.98914e-05 1.58832 -18.8413 6.70743 -0.09514 1.90544 -0.0341589 
4.98914e-05 2.03515 -19.0237 6.79111 -0.324004 -0.153835 0.0529458 
4.98914e-05 1.9573 -19.1513 6.72109 -0.358032 -0.355116 -0.337743 
4.98914e-05 1.96889 -19.1736 6.7203 -1.18758 0.0186639 -0.588294 
4.98914e-05 1.95984 -19.2784 6.84418 -1.09798 0.186783 -0.105501 
4.98914e-05 1.73938 -19.2146 6.87728 -0.767756 1.50918 -1.56423 
4.98914e-05 1.84185 -19.2623 6.71903 -1.47792 0.941829 -0.961015 
4.98914e-05 1.53556 -19.2254 6.93118 -1.28079 1.34214 -0.50872 
4.98914e-05 1.77974 -18.7976 6.83976 0.623137 1.32288 0.0839251 
4.98914e-05 1.46979 -19.1589 6.79017 -0.577646 1.91545 -0.292612 
4.98914e-05 1.59818 -19.1238 6.68803 -1.03533 2.05402 -0.163345 
4.98914e-05 1.40867 -19.1461 6.78162 -0.345468 1.7465 -0.471365 
4.98914e-05 2.03687 -19.1416 6.78523 -0.48847 -0.144005 -0.69525 
4.98914e-05 1.97536 -19.1765 6.74892 -0.528888 -0.254399 -0.039663 
4.98914e-05 1.65712 -19.3621 6.88856 -1.17179 0.941307 -0.879779 
4.98914e-05 1.84029 -19.318 6.67023 -0.817669 0.0327867 -0.037379 
4.98914e-05 1.97967 -18.9237 6.75442 0.097335 0.0221824 0.295653 
4.98914e-05 1.93291 -19.3404 6.87895 -1.21547 0.537266 -0.413106 
4.98914e-05 1.57439 -18.879 6.8126 0.484657 1.74275 -0.610419 
4.98914e-05 1.94428 -18.8835 6.77117 0.516679 0.0724254 -0.487213 
4.98914e-05 1.85063 -19.192 6.80118 -1.28026 0.539978 -1.50672 
4.98914e-05 1.40323 -19.051 6.8289 -0.431958 1.78709 -0.248841 
4.98914e-05 1.70126 -19.2857 6.62182 -1.39913 0.883619 -0.140952 
4.98914e-05 1.89661 -18.8104 6.88729 0.583884 0.570715 -0.707548 
4.98914e-05 2.04103 -19.1602 6.79565 -0.869459 -0.0643737 -0.492926 
4.98914e-05 1.96228 -18.7453 6.80811 0.375685 0.516604 -0.432029 
4.98914e-05 1.75798 -18.7437 6.89833 0.58999 0.838526 -0.325346 
4.98914e-05 1.82554 -19.3007 6.91417 -1.37718 0.431875 -0.591046 
4.98914e-05 1.88268 -19.2855 6.7635 -1.5145 0.702245 -0.690586 
4.98914e-05 1.76511 -18.8148 6.8548 0.744907 0.710604 0.15748 
4.98914e-05 1.82091 -19.2901 6.76478 -1.61634 0.654182 -0.445354 
4.98914e-05 1.52096 -18.9794 6.73667 0.0708817 1.93633 0.081614 
4.98914e-05 1.79965 -19.1439 7.09163 -0.785771 0.0813155 -0.153542 
4.98914e-05 1.5226 -19.1789 6.59632 -1.2101 1.24957 -0.625299 
4.98914e-05 1.48141 -19.048 6.72654 -0.365994 1.99696 -0.62336 
4.98914e-05 2.00787 -19.138 6.83893 -0.792205 -0.059813 -0.96062 
4.98914e-05 1.65493 -19.4009 6.85289 -1.19057 0.523449 -0.303162 
4.98914e-05 2.11435 -19.0251 6.71707 -0.416838 0.579303 -1.15524 
4.98914e-05 1.79349 -19.2121 6.84333 -1.86922 0.675052 -0.302101 
4.98914e-05 1.49957 -18.8063 6.87403 0.41554 1.24211 -0.336263 
4.98914e-05 1.67284 -18.6518 6.77909 0.333046 1.04175 -0.290192 
4.98914e-05 1.61247 -18.9356 6.61297 -0.0103586 1.57609 -1.22549 
4.98914e-05 1.31846 -19.0249 6.74247 -0.336783 1.47543 -0.541691 
4.98914e-05 1.47108 -19.1793 6.87084 -0.69101 1.77537 -0.765759 
4.98914e-05 1.38893 -18.854 6.70748 -0.253578 1.52341 -0.526229 
4.98914e-05 1.74514 -19.345 6.91105 -1.19301 1.29229 0.0653339 
4.98914e-05 1.53739 -19.2498 6.67918 -1.11936 1.51911 -0.0541757 
4.98914e-05 1.50229 -18.8929 6.79255 0.609035 1.31287 -0.610343 
4.98914e-05 1.86365 -18.6493 6.82702 0.287933 0.648726 -0.416171 
4.98914e-05 1.53964 -19.1765 6.86199 -1.00631 1.94619 -0.43539 
4.98914e-05 1.67149 -18.7485 6.81506 0.664125 0.809345 -0.544346 
4.98914e-05 1.65474 -19.3579 6.68297 -1.1709 1.35586 -0.555834 
4.98914e-05 2.067 -19.1964 6.84286 -0.62621 0.0557196 -0.767688 
4.98914e-05 1.40809 -18.8691 6.86622 0.037608 1.53847 -0.416533 
4.98914e-05 1.91923 -18.6924 6.76213 0.0633995 0.195133 -0.340632 
4.98914e-05 1.49692 -19.0635 6.78893 -0.31065 2.07748 -0.720456 
4.98914e-05 1.78907 -18.6876 6.97427 0.277747 0.847113 -0.527132 
4.98914e-05 1.61847 -19.2497 6.80369 -1.60516 1.34464 -0.18926 
4.98914e-05 1.68003 -19.3295 6.63191 -1.22005 1.05892 0.0590127 
4.98914e-05 1.9324 -19.0622 6.94223 -0.510696 -0.259593 0.205221 
4.98914e-05 1.6398 -19.2691 6.75587 -1.48054 1.51119 -0.562368 
4.98914e-05 1.66252 -19.3351 6.80234 -1.36174 0.754941 0.190763 
4.98914e-05 1.95857 -19.121 6.6996 -0.374836 -0.235945 -1.00064 
4.98914e-05 2.01086 -19.0416 6.79253 -0.288702 -0.214993 -0.967239 
4.98914e-05 1.94141 -18.8037 6.75479 0.123735 -0.039932 -0.0975388 
4.98914e-05 2.01095 -19.1869 6.90231 -0.987909 0.228012 0.206636 
4.98914e-05 1.75075 -19.312 6.79065 -1.4732 1.34405 -0.743942 
4.98914e-05 1.55621 -18.7135 6.7566 0.17364 1.39846 -0.691845 
4.98914e-05 1.45961 -19.1657 6.81486 -0.455618 1.92464 -0.206868 
4.98914e-05 2.03337 -18.806 6.75481 0.282889 0.323537 -0.345234 
4.98914e-05 1.7205 -18.8284 6.78227 0.894478 1.24075 -0.610132 
4.98914e-05 1.8816 -19.2056 6.84304 -1.45219 -0.0137143 -0.63976 
4.98914e-05 1.56476 -18.7534 6.82929 0.523417 1.15091 -0.316329 
4.98914e-05 1.71557 -19.3604 6.64989 -1.30554 0.691214 -0.253373 
4.98914e-05 1.81216 -18.7704 6.9367 0.551548 0.518936 -0.224591 
4.98914e-05 1.88208 -19.3927 6.91881 -1.12399 0.522777 -0.332286 
4.98914e-05 2.06806 -18.8019 6.70966 -0.0552315 0.299852 -0.728095 
4.98914e-05 1.69201 -19.2831 6.90388 -1.47221 1.29368 -0.758115 
4.98914e-05 2.06895 -18.9354 6.83762 0.0322182 -0.0109979 -0.184784 
4.98914e-05 1.76381 -19.2776 6.81632 -1.4565 0.605737 -1.17083 
4.98914e-05 2.09049 -19.0155 6.94434 0.120774 0.219 -0.36334 
4.98914e-05 1.66814 -18.7516 6.81731 0.611032 1.22342 -0.0742051 
4.98914e-05 1.62548 -19.3773 6.79321 -1.22931 1.30904 -0.114445 
4.98914e-05 1.94603 -19.2281 6.86925 -1.10694 -0.0561796 -0.664534 
4.98914e-05 1.49825 -19.0718 7.00271 -0.328042 1.82788 -0.32601 
4.98914e-05 2.1651 -19.0688 6.74502 -0.130348 0.43426 0.148314 
4.98914e-05 2.03489 -19.1951 6.6804 -0.999402 0.184771 -0.749176 
4.98914e-05 1.61776 -18.7304 6.82714 0.287259 1.58253 -0.531512 
4.98914e-05 1.48057 -18.9449 6.75359 -0.211207 2.02271 -0.374115 
4.98914e-05 1.93303 -18.7184 6.71712 0.284227 0.359796 -0.255104 
4.98914e-05 2.0841 -19.1611 6.8374 -0.742429 0.106467 0.110826 
4.98914e-05 1.461 -19.1293 6.7752 -0.375891 1.84074 -0.964105 
4.98914e-05 1.88189 -19.1119 6.91494 -0.867701 -0.268523 -1.14598 
4.98914e-05 1.847 -18.9475 6.76391 0.967417 0.227109 0.158935 
4.98914e-05 1.46007 -19.2544 6.86164 -0.489242 1.7804 -0.229294 
4.98914e-05 1.63481 -18.6627 6.85037 0.309141 1.26447 -0.356237 
4.98914e-05 1.68536 -19.3972 6.67535 -1.10809 1.36421 -0.484755 
4.98914e-05 1.66994 -19.2178 6.65915 -1.14191 0.432652 0.618454 
4.98914e-05 1.50571 -18.945 6.7736 0.150502 1.98855 -0.510345 
4.98914e-05 2.09249 -19.2282 6.81226 -0.905469 0.239004 -0.0203575 
4.98914e-05 1.86455 -18.6998 6.80769 0.371721 0.306792 -0.345287 
4.98914e-05 2.13279 -19.0206 7.01175 -0.329657 0.288115 -0.3274 
4.98914e-05 1.67551 -19.3833 6.6884 -1.27303 1.19039 -0.252764 
4.98914e-05 1.90093 -19.2127 6.67654 -1.35905 0.0752508 -0.606482 
4.98914e-05 1.78105 -18.727 6.86565 0.628447 0.655942 -0.404013 
4.98914e-05 1.43397 -19.189 6.84079 -0.551772 1.69896 -0.904681 
4.98914e-05 1.95273 -18.7354 6.85755 0.209565 0.19511 -0.284521 
4.98914e-05 1.99815 -18.8203 6.93305 -0.182589 -0.0322762 -0.443294 
4.98914e-05 1.79094 -19.4512 6.79182 -0.835274 0.168913 -0.444547 
4.98914e-05 1.39725 -19.2729 6.84663 -0.420289 1.62344 -0.35667 
4.98914e-05 1.67426 -19.3834 6.95299 -1.22326 0.597133 -0.330917 
4.98914e-05 1.68087 -19.3698 6.71435 -1.33717 0.947862 0.0252746 
4.98914e-05 1.58858 -19.1977 6.8898 -1.37058 1.66744 -0.802767 
4.98914e-05 1.73802 -18.6859 6.88011 0.434636 1.24855 -0.386744 
4.98914e-05 1.56975 -19.2761 6.79845 -1.17725 1.66669 -0.788115 
4.98914e-05 2.04416 -19.0574 6.83422 -0.328838 -0.213191 -0.798099 
4.98914e-05 1.38664 -18.9259 6.92955 -0.257155 1.5878 -0.677854 
4.98914e-05 1.48488 -18.6996 6.77318 0.204977 1.1117 -0.712833 
4.98914e-05 1.61384 -18.7774 6.74358 0.258509 1.54722 0.257875 
4.98914e-05 1.49874 -18.7457 6.7679 0.198944 1.50876 -0.376096 
4.98914e-05 1.4838 -19.0258 6.82398 -0.721966 2.08416 -0.202449 
4.98914e-05 1.54295 -19.3691 6.81066 -1.11532 1.41769 -0.227514 
4.98914e-05 1.73976 -18.7592 6.64074 0.592729 0.626047 -0.455956 
4.98914e-05 1.41219 -18.8242 6.95498 -0.267598 1.51288 -0.591168 
4.98914e-05 2.08912 -19.0426 6.79087 -0.278874 -0.125072 -0.0766986 
4.98914e-05 1.99999 -19.1872 6.81032 -0.844828 0.247617 0.550845 
4.98914e-05 1.45264 -19.1234 6.86725 -0.771424 1.60517 0.378306 
4.98914e-05 1.80768 -19.1021 6.47034 -0.404371 0.179725 0.20126 
4.98914e-05 1.861 -18.768 6.82215 0.483087 0.112875 -0.253322 
4.98914e-05 1.52056 -19.1469 6.71691 0.0755803 2.01263 -0.2449 
4.98914e-05 2.07059 -18.9773 6.87116 -0.367288 -0.170651 -0.525437 
4.98914e-05 1.47576 -19.3231 6.76987 -1.00454 1.32423 -0.868331 
4.98914e-05 1.87059 -18.6528 6.83766 0.367045 0.713278 -0.602133 
4.98914e-05 2.02562 -19.1353 6.79006 -1.04818 -0.151666 -0.459763 
4.98914e-05 2.20563 -19.0748 6.72409 -0.192592 0.276253 -0.305402 
4.98914e-05 2.00632 -19.0419 6.74832 0.226122 -0.233032 -0.280055 
4.98914e-05 1.89259 -18.7333 6.80924 0.39261 0.197827 -0.260121 
4.98914e-05 1.93061 -18.789 6.73211 0.245495 -0.0322407 -0.38846 
4.98914e-05 1.85978 -18.84 6.97314 0.708882 0.772829 -0.29099 
4.98914e-05 1.53221 -18.7047 6.79809 0.349289 1.1099 -0.730694 
4.98914e-05 1.97385 -19.3305 6.73203 -1.28602 0.599809 -0.0774436 
4.98914e-05 2.09103 -18.9244 6.75873 -0.25221 -0.0676653 -0.659779 
4.98914e-05 2.0904 -19.2551 6.80799 -0.763876 0.0949909 -0.158046 
4.98914e-05 1.52343 -19.1887 6.85907 -1.17712 1.83792 -0.199227 
4.98914e-05 2.04978 -18.9844 6.7913 -0.132456 -0.261407 -0.358311 
4.98914e-05 1.93909 -18.8478 6.68825 0.217748 -0.0872363 -0.104423 
4.98914e-05 1.73598 -18.8174 6.72797 0.595806 1.701 -0.731301 
4.98914e-05 1.57564 -19.4098 6.75796 -1.24954 1.0693 -0.46207 
4.98914e-05 1.56398 -18.8227 6.7885 -0.0433148 1.97978 -0.0261537 
4.98914e-05 1.78383 -18.715 6.69286 0.112163 0.197712 0.205903 
4.98914e-05 1.54847 -18.9454 6.76098 0.610314 1.76223 -0.705953 
4.98914e-05 1.99761 -18.9162 6.95907 0.0604617 -0.077148 -0.438081 
4.98914e-05 1.72074 -18.8275 6.85539 0.965743 1.01747 -0.52586 
4.98914e-05 1.45719 -19.0206 6.899 -0.386957 1.99266 -0.283802 
4.98914e-05 1.65107 -19.2641 6.56555 -1.2106 1.44099 -0.290265 
4.98914e-05 1.75515 -19.2154 6.59796 -1.30828 1.3889 0.263049 
4.98914e-05 1.90255 -18.6446 6.768 0.319948 0.557819 -0.443768 
4.98914e-05 1.74639 -19.2314 6.88221 -1.69384 1.1442 -0.989937 
4.98914e-05 1.42753 -19.3619 6.69759 -0.810907 1.32641 -0.637959 
4.98914e-05 1.44599 -19.3058 6.78411 -1.07257 1.43838 -0.574161 
4.98914e-05 1.45111 -19.2647 6.7941 -0.69227 1.77895 -0.583816 
4.98914e-05 2.03826 -19.1964 6.74568 -1.12146 0.0268866 -0.376132 
4.98914e-05 1.70739 -18.7096 6.79555 0.652555 0.794018 -0.182367 
4.98914e-05 2.11618 -19.3281 6.9207 -0.518701 0.342114 -0.157478 
4.98914e-05 1.81536 -18.7082 6.75867 0.6343 0.763768 -0.280516 
4.98914e-05 2.04036 -18.8842 6.74991 0.311765 0.123848 -0.0794925 
4.98914e-05 1.80741 -18.8183 6.57673 0.377301 0.271498 -0.720193 
4.98914e-05 2.10972 -19.0184 6.89545 -0.601476 -0.0289696 -0.648176 
4.98914e-05 1.73764 -18.6726 6.81005 0.534598 0.978681 -0.618318 
4.98914e-05 1.77827 -19.4028 6.73862 -1.304 0.422916 -0.265489 
4.98914e-05 1.73443 -19.3127 6.77254 -1.6813 0.760257 -0.584583 
4.98914e-05 2.04003 -19.0339 6.79443 -0.221782 -0.336423 -0.501821 
4.98914e-05 1.92633 -19.1685 7.19559 -0.540494 0.466697 -0.159563 
4.98914e-05 1.82122 -19.2958 6.82842 -1.06784 0.338069 0.61419 
4.98914e-05 2.12547 -18.8375 6.85366 -0.132845 0.144428 -0.577 
4.98914e-05 1.94018 -19.1789 6.7561 -1.7133 0.428605 -0.577312 
4.98914e-05 1.94269 -18.9405 6.75917 0.424511 -0.145492 -0.925156 
4.98914e-05 2.02916 -19.0232 6.79142 -0.690502 -0.10986 0.37603 
4.98914e-05 2.10084 -18.8937 6.83911 0.21672 0.204409 -0.130919 
4.98914e-05 2.02577 -19.227 6.79267 -0.793156 -0.138804 -0.0889227 
4.98914e-05 1.95447 -19.0046 6.73432 0.306272 -0.34972 -0.599559 
4.98914e-05 2.10829 -18.9885 6.66696 -0.209067 0.136185 0.132123 
4.98914e-05 2.06431 -18.8212 6.88873 0.066889 0.172379 -0.70552 
4.98914e-05 1.99123 -18.717 6.63962 0.0773546 0.311608 -0.23124 
4.98914e-05 1.85133 -18.8647 6.94507 0.682441 0.296249 -0.76699 
4.98914e-05 1.44029 -18.8061 6.89902 0.195478 1.50732 -0.457795 
4.98914e-05 1.72515 -18.7094 6.8716 0.592254 0.475329 -0.359986 
4.98914e-05 1.48793 -19.1199 6.74652 -0.695036 2.08247 -0.655564 
4.98914e-05 1.58118 -19.2843 6.83391 -1.03409 1.88257 -0.646366 
4.98914e-05 1.82064 -19.3551 6.74828 -1.50097 0.74089 -0.721545 
4.98914e-05 1.70239 -19.1894 6.95126 -1.44126 1.29369 0.480748 
4.98914e-05 2.22401 -19.0472 6.78812 -0.433718 0.17024 -0.483947 
4.98914e-05 1.51566 -19.2474 6.91236 -0.975229 1.75174 -0.703071 
4.98914e-05 1.51981 -18.7724 6.83243 0.453155 1.46063 -0.416242 
4.98914e-05 1.53777 -18.7454 6.57012 0.120429 1.3692 -0.447451 
4.98914e-05 1.99905 -18.7224 6.78505 0.270309 0.261493 -0.3882 
4.98914e-05 1.71944 -19.3172 7.12714 -0.874196 0.472138 -0.670074 
4.98914e-05 1.75632 -18.6709 6.97578 0.34331 0.609709 -0.583024 
4.98914e-05 2.11946 -19.1356 6.70394 -0.361447 -0.0312772 -0.618541 
4.98914e-05 2.05004 -19.0827 6.85251 -0.219302 -0.299847 -0.478262 
4.98914e-05 1.88777 -19.4294 6.77326 -1.03686 0.208335 -0.341923 
4.98914e-05 1.91968 -19.2065 6.77025 -1.6129 0.397104 -0.940656 
4.98914e-05 1.61802 -18.5649 6.75373 0.187315 0.958639 -0.197628 
4.98914e-05 1.51324 -18.8246 6.80806 0.455571 1.62995 -0.282431 
4.98914e-05 1.51582 -18.7264 6.82336 0.444032 1.23361 -0.182751 
4.98914e-05 1.84631 -18.65 6.77345 0.502655 0.866997 -0.339296 
4.98914e-05 1.45601 -19.0607 6.65968 0.11144 1.84155 -0.390048 
4.98914e-05 1.68731 -18.7091 6.7946 0.599051 0.407912 -0.260437 
4.98914e-05 1.92648 -19.1886 6.83115 -1.02468 -0.3855 -0.0970638 
4.98914e-05 1.79143 -19.4267 6.70388 -1.34448 0.814051 -0.383419 
4.98914e-05 1.52714 -19.3856 6.74831 -1.31252 0.979328 -0.507235 
4.98914e-05 1.583 -18.8033 6.8603 0.495212 1.3238 -1.05586 
4.98914e-05 1.9963 -18.7951 6.96664 0.0414473 0.19077 -0.787128 
4.98914e-05 1.83838 -19.3815 6.80239 -1.40544 0.53827 -0.0638894 
4.98914e-05 2.15547 -19.1104 6.71371 -0.458307 0.00822008 -0.273678 
4.98914e-05 1.52028 -19.2916 6.95208 -0.857586 1.69885 -0.589756 
4.98914e-05 1.8646 -18.7034 6.88298 0.311484 0.264417 0.00399306 
4.98914e-05 1.89973 -18.7576 6.80958 0.574251 0.255358 -0.411021 
4.98914e-05 1.68564 -18.8367 6.65932 0.754665 0.987266 0.207833 
4.98914e-05 2.14735 -19.2165 6.66187 -0.364308 0.227162 -0.0321471 
4.98914e-05 1.80133 -18.6547 6.79631 0.511322 0.743937 -0.627702 
4.98914e-05 1.8931 -18.7883 6.88471 0.252216 -0.117278 -0.207644 
4.98914e-05 2.02924 -19.1118 6.77056 -0.193325 -0.2128 -0.973176 
4.98914e-05 1.92291 -19.1874 6.90053 -1.37057 -0.0510511 -0.66845 
4.98914e-05 2.09614 -18.9331 6.89964 -0.0723968 0.00861776 -0.0518674 
4.98914e-05 1.4555 -19.2144 6.74464 -1.07519 1.74896 -0.318745 
4.98914e-05 1.65232 -18.7943 6.78884 0.784495 0.714792 -0.933301 
4.98914e-05 1.77636 -19.3669 6.72826 -1.51932 0.639253 -0.500985 
4.98914e-05 1.79954 -18.8448 6.79407 0.965488 0.504165 -0.861349 
4.98914e-05 1.81607 -19.3903 6.81875 -1.42055 0.88956 -0.76702 
4.98914e-05 1.65863 -18.7907 6.76446 0.845288 1.18922 -0.584481 
4.98914e-05 2.07462 -19.2717 6.73613 -0.815033 0.0344306 -0.530264 
4.98914e-05 1.61087 -19.2725 6.73985 -1.41144 1.66572 -0.634921 
4.98914e-05 1.29868 -18.8553 6.90274 -0.0338517 1.3332 -0.240823 
4.98914e-05 1.37368 -18.9394 6.70973 -0.281394 1.78952 -0.290776 
4.98914e-05 2.04235 -18.9389 6.82126 -0.380272 -0.246892 0.0832657 
4.98914e-05 1.90036 -19.4879 6.84784 -1.08533 0.989251 -0.116898 
4.98914e-05 1.73154 -18.7017 6.6856 0.591846 0.814517 -0.129901 
4.98914e-05 1.69691 -19.4456 6.87529 -1.27691 0.678644 -0.582243 
4.98914e-05 2.04216 -19.1057 6.80163 -0.813825 -0.196958 0.123005 
4.98914e-05 1.87936 -19.4059 6.72024 -1.0525 0.439788 0.199945 
4.98914e-05 1.40134 -19.0396 6.79473 -0.535548 1.95836 -0.244247 
4.98914e-05 1.41804 -18.8693 6.89747 0.287159 1.5114 -0.52287 
4.98914e-05 1.72255 -18.783 6.8048 0.735924 1.50592 -0.0945189 
4.98914e-05 1.92823 -18.7018 6.74817 0.547802 0.752467 -0.506095 
4.98914e-05 2.06731 -19.2306 6.76338 -0.969761 -0.002581 -0.525439 
4.98914e-05 2.08393 -18.8301 6.85672 -0.168986 -0.0295493 -0.576264 
4.98914e-05 1.78985 -19.4282 6.84665 -1.17042 1.12406 0.184022 
4.98914e-05 1.74091 -19.5066 6.80255 -1.17847 0.918373 -0.228179 
4.98914e-05 1.6945 -18.7903 6.86784 0.842661 1.06486 -0.0328792 
4.98914e-05 1.72496 -19.3568 6.82362 -1.46932 1.29733 -0.0141529 
4.98914e-05 1.65252 -19.2793 6.85644 -1.64222 1.40298 -0.503925 
4.98914e-05 1.46305 -19.2968 6.75854 -0.814502 1.76211 -0.160893 
4.98914e-05 1.50756 -19.1172 6.82158 -0.656322 2.22088 -0.423227 
4.98914e-05 1.78891 -18.7605 6.78296 0.802429 0.470808 -0.220784 
4.98914e-05 2.08681 -19.3174 6.88013 -0.582792 0.28919 0.183948 
4.98914e-05 1.85738 -18.6552 6.6902 0.455162 0.683167 -0.317914 
4.98914e-05 2.14858 -19.0469 6.78243 -0.136713 0.0277758 0.0114968 
4.98914e-05 1.71525 -19.2815 6.83175 -1.66337 1.51483 -0.338314 
4.98914e-05 1.90921 -18.7469 6.65289 0.361054 0.292956 -0.715105 
4.98914e-05 2.18374 -19.0069 6.92396 0.00951487 0.231194 -0.30522 
4.98914e-05 1.63829 -19.4568 6.76588 -1.23041 1.03427 -0.055536 
4.98914e-05 2.16547 -18.9044 6.85498 -0.313477 0.036982 -0.235114 
4.98914e-05 1.84238 -19.2917 6.9187 -1.48818 0.604926 0.191645 
4.98914e-05 1.52866 -18.7464 6.73955 0.441295 1.45161 -0.344789 
4.98914e-05 2.13077 -19.0615 6.75781 -0.190066 -0.121442 -0.423499 
4.98914e-05 1.42778 -19.0464 6.63459 -0.37511 1.88506 -0.542311 
4.98914e-05 1.91522 -18.7972 6.89662 0.710662 0.490406 -0.315347 
4.98914e-05 2.14338 -19.093 6.55341 -0.609099 0.226826 -0.259576 
4.98914e-05 1.66108 -18.6883 6.76988 0.593537 1.21598 -0.404552 
4.98914e-05 1.40591 -19.2389 6.83981 -0.995107 1.65398 -0.498962 
4.98914e-05 1.39766 -19.2819 6.85367 -0.967601 1.48813 -0.708381 
4.98914e-05 2.09295 -18.8294 6.743 0.474085 0.62016 -0.541142 
4.98914e-05 2.12538 -18.8936 6.83264 0.253436 0.196839 -0.262616 
4.98914e-05 2.02201 -19.3556 6.68346 -0.839031 0.152915 -0.634603 
4.98914e-05 1.4383 -18.8254 6.79136 0.353164 1.37259 0.107477 
4.98914e-05 1.65206 -18.5724 6.77571 0.319887 0.940697 -0.226099 
4.98914e-05 1.50686 -19.3718 6.78794 -1.01943 1.60092 -0.248676 
4.98914e-05 1.60996 -18.5919 6.66997 0.178583 1.20251 -0.46095 
4.98914e-05 2.06656 -19.1421 6.66384 -0.377831 -0.0729148 -0.862952 
4.98914e-05 1.38304 -19.249 6.70192 -0.842911 1.63384 -0.346488 
4.98914e-05 1.80907 -18.6253 6.7916 0.36214 0.798414 0.118038 
4.98914e-05 2.12475 -18.8886 6.89988 0.0938136 0.158985 -0.610465 
4.98914e-05 1.72661 -18.8192 6.81944 0.670705 0.682132 0.602406 
4.98914e-05 1.87393 -18.7401 6.71463 0.7108 0.725364 -0.447052 
4.98914e-05 2.00169 -18.7162 6.89273 0.193369 0.232126 -0.18993 
4.98914e-05 1.4322 -18.6614 6.83165 0.200733 1.21564 -0.326481 
4.98914e-05 1.26862 -19.1936 6.79082 -0.171759 1.47277 -0.158652 
4.98914e-05 2.08692 -19.1328 6.74949 -0.861808 -0.0994118 -0.720729 
4.98914e-05 1.84442 -19.376 6.77765 -1.39387 0.525374 0.0930731 
4.98914e-05 1.50407 -19.0915 6.69507 -0.844015 2.12569 -0.354959 
4.98914e-05 2.12417 -19.1694 6.78566 -0.332917 0.00525814 0.122539 
4.98914e-05 1.55433 -19.0908 6.86221 -0.386199 1.59926 -1.69592 
4.98914e-05 1.68696 -18.6869 6.69714 0.593469 0.905505 -0.615425 
4.98914e-05 2.10414 -19.1718 6.78339 -0.522437 -0.181855 -0.428572 
4.98914e-05 1.93092 -18.7468 6.8729 0.398885 0.190468 -0.0680581 
4.98914e-05 2.02174 -19.292 6.81544 -1.18037 0.155586 -0.658244 
4.98914e-05 1.41827 -18.8254 6.76847 -0.10275 1.74358 -0.758314 
4.98914e-05 2.21325 -18.9194 6.82047 -0.217323 0.190981 -0.0592133 
4.98914e-05 2.16401 -18.8177 6.67302 -0.0971798 0.24902 -0.548823 
4.98914e-05 1.42521 -19.0171 6.93744 -0.810709 1.85785 -0.159125 
4.98914e-05 1.84605 -18.7244 6.69273 0.301284 0.0101284 -0.504563 
4.98914e-05 1.93417 -18.6683 6.74969 0.476478 1.0164 -0.148615 
4.98914e-05 1.47835 -19.334 6.8521 -1.30018 1.32554 -0.311061 
4.98914e-05 1.57067 -19.3863 6.91172 -1.23758 1.37227 -0.411641 
4.98914e-05 2.095 -19.0851 6.87073 -0.617393 -0.20328 -0.148713 
4.98914e-05 2.12066 -19.2589 6.90079 -0.944745 0.310537 0.0244241 
4.98914e-05 1.42193 -18.6747 6.83875 -0.0772469 1.52287 -0.470401 
4.98914e-05 1.59177 -19.2835 6.7031 -1.55774 0.920332 0.158042 
4.98914e-05 1.75994 -18.763 6.6927 0.696104 0.396695 -0.0115504 
4.98914e-05 1.71514 -19.4197 6.60545 -1.11998 0.82759 0.140008 
4.98914e-05 1.69562 -19.2255 6.67981 -1.48212 1.15826 0.582943 
4.98914e-05 1.9205 -18.7593 6.75298 0.709475 0.529028 -0.460334 
4.98914e-05 2.16929 -19.1437 6.91238 -0.466903 0.0319768 -0.527382 
4.98914e-05 1.9324 -19.3039 6.74411 -1.17669 0.739945 0.552723 
4.98914e-05 1.55035 -18.9093 6.71999 0.856201 1.45156 -0.42872 
4.98914e-05 1.60903 -18.5976 6.73104 0.309526 1.1903 -0.517521 
4.98914e-05 1.39953 -18.9815 6.78095 -0.575625 1.92813 0.00187385 
4.98914e-05 1.47256 -18.6714 6.86301 -0.0277526 1.56961 -0.5406 
4.98914e-05 2.14166 -18.9024 6.78848 0.176081 0.10781 -0.433103 
4.98914e-05 1.28092 -19.0601 6.78308 -0.0646571 1.6003 -0.233954 
4.98914e-05 1.60123 -18.7837 6.82571 0.816511 1.08259 -0.670841 
4.98914e-05 1.51525 -18.6901 6.83455 0.355873 1.40712 -0.301342 
4.98914e-05 2.15196 -18.8079 6.80926 0.172063 0.28491 -0.488999 
4.98914e-05 2.10933 -18.8622 6.8519 0.242131 0.139561 -0.261614 
4.98914e-05 1.68329 -18.6663 6.76325 0.565519 1.25602 -0.383409 
4.98914e-05 1.99167 -18.738 6.76871 0.431032 0.277098 -0.239887 
4.98914e-05 1.74558 -18.7513 6.64329 0.656978 0.497806 -0.627028 
4.98914e-05 2.07177 -19.0626 6.8859 -0.770394 -0.194255 -0.751298 
4.98914e-05 2.09226 -18.7913 6.82658 -0.0581897 -0.0118625 -0.469052 
4.98914e-05 1.52564 -18.5069 6.8072 0.0881665 0.916233 -0.420198 
4.98914e-05 1.49631 -18.745 6.91076 0.456638 0.864882 0.0586014 
4.98914e-05 2.21709 -19.1267 6.88498 -0.62379 0.179489 -0.686078 
4.98914e-05 1.59945 -18.772 6.83645 0.752754 1.31967 -0.431483 
4.98914e-05 1.35053 -19.1683 6.77677 -1.00669 1.63332 -0.20356 
4.98914e-05 1.65044 -18.678 6.76332 0.652604 0.819347 -0.512502 
4.98914e-05 2.19604 -19.1246 6.59192 -0.568951 0.214328 -0.434073 
4.98914e-05 1.89464 -18.6976 6.83274 0.650536 0.867176 -0.54211 
4.98914e-05 1.48902 -18.7334 6.78144 0.458492 1.36156 -0.502271 
4.98914e-05 1.37199 -19.1725 6.77092 -0.409816 1.84851 -0.662383 
4.98914e-05 1.58087 -19.1472 6.65642 -0.499268 2.17468 0.125031 
4.98914e-05 2.0027 -18.7494 6.8858 0.426668 0.309657 -0.382131 
4.98914e-05 2.02913 -19.3336 6.71558 -1.24821 0.35532 -0.508114 
4.98914e-05 1.55856 -18.6063 6.77871 0.363765 0.858048 -0.648753 
4.98914e-05 1.36681 -19.3136 6.7791 -1.04667 1.40983 -0.558054 
4.98914e-05 1.7532 -19.3167 6.57226 -1.35868 0.67 0.0898765 
4.98914e-05 1.30388 -19.1215 6.80439 -0.482433 1.75305 -0.324295 
4.98914e-05 1.79702 -19.509 6.86342 -1.21678 0.696552 -0.260304 
4.98914e-05 1.34701 -19.143 6.78641 -0.482873 1.85439 -0.357209 
4.98914e-05 2.04942 -18.7487 6.7697 0.424223 0.411037 -0.225926 
4.98914e-05 1.64479 -19.4534 6.74508 -1.32429 1.167 -0.432844 
4.98914e-05 2.03087 -18.7731 6.7973 0.314113 0.100275 -0.377387 
4.98914e-05 1.51058 -18.6847 6.84193 0.433625 1.2669 -0.410379 
4.98914e-05 1.84258 -18.5715 6.78378 0.388554 0.748233 -0.285727 
4.98914e-05 2.00241 -18.68 6.61799 0.270695 0.571042 -0.251752 
4.98914e-05 1.32875 -19.1519 6.7818 -0.635 1.7677 -0.563827 
4.98914e-05 2.16159 -18.8812 6.79612 -0.104175 -0.00584978 -0.396799 
4.98914e-05 1.98647 -19.3776 6.89564 -1.10057 0.190858 -0.397672 
4.98914e-05 1.38284 -18.9628 6.67366 0.0198233 1.65707 -0.848359 
4.98914e-05 2.0234 -18.8823 6.80693 0.0147469 -0.313005 -0.276775 
4.98914e-05 1.63049 -18.6906 6.8213 0.556902 1.39316 -0.312098 
4.98914e-05 1.37654 -18.9736 6.60513 -0.461033 1.56602 -0.958062 
4.98914e-05 2.07245 -18.8276 6.85767 0.417689 0.268194 -0.189929 
4.98914e-05 2.06095 -19.1993 6.78803 -0.329317 -0.301488 -0.414362 
4.98914e-05 2.09123 -19.2029 6.78602 -0.581718 -0.199485 -0.596255 
4.98914e-05 1.27354 -19.0281 6.7564 -0.365411 1.66056 -0.637071 
4.98914e-05 1.473 -19.3004 6.77614 -1.06677 1.75151 -0.441853 
4.98914e-05 1.93118 -18.6246 6.76231 0.387579 0.481788 -0.399762 
4.98914e-05 1.95112 -18.6485 6.87001 0.0698243 0.178408 -0.0340695 
4.98914e-05 1.79788 -18.5361 6.78193 0.314304 0.665362 -0.364006 
4.98914e-05 1.73959 -19.3448 6.77914 -1.46057 1.56219 -0.0485125 
4.98914e-05 1.90165 -19.4878 6.70406 -1.18587 0.583941 -0.356814 
4.98914e-05 1.51791 -18.6944 6.89708 0.456255 0.92089 -0.0211642 
4.98914e-05 2.15914 -18.8738 6.78882 -0.741733 -0.0140982 -0.27252 
4.98914e-05 2.11801 -18.8107 6.95289 -0.102206 0.130502 -0.158018 
4.98914e-05 1.85638 -19.4634 6.84891 -1.18559 0.641045 0.121685 
4.98914e-05 1.78054 -19.4053 6.72929 -1.42854 1.28622 -0.184926 
4.98914e-05 1.37233 -18.941 6.7358 -0.247935 1.90211 -0.450087 
4.98914e-05 2.06363 -19.171 6.84485 -1.05392 -0.0146579 0.116055 
4.98914e-05 1.34755 -19.0339 6.80039 -0.15488 1.85668 -0.564586 
4.98914e-05 2.17465 -18.8989 6.8179 -0.163348 -0.0186055 -0.401166 
4.98914e-05 1.72393 -19.3365 6.72823 -1.63632 1.02871 0.0309419 
4.98914e-05 1.90886 -19.4357 6.83343 -1.31325 0.595672 -0.0816089 
4.98914e-05 1.46382 -18.7014 6.80224 0.253115 1.43873 -0.686476 
4.98914e-05 1.63077 -18.6469 6.84732 0.551278 1.06008 -0.546506 
4.98914e-05 1.88825 -19.3839 6.90497 -1.39825 0.483747 -0.188724 
4.98914e-05 2.19264 -19.2683 6.78289 -0.658241 0.126135 -0.201069 
4.98914e-05 1.31518 -19.2343 6.77476 -1.17088 1.25512 -0.571438 
4.98914e-05 2.04371 -19.0089 6.90335 -0.0752716 -0.323907 -0.229249 
4.98914e-05 2.27325 -18.83 6.90487 -0.28631 0.342276 -0.372101 
4.98914e-05 1.95755 -18.9796 6.74521 0.205432 -0.360433 -1.01024 
4.98914e-05 2.11381 -19.1862 6.82965 -0.548317 -0.19104 -0.449841 
4.98914e-05 1.5692 -18.7456 6.74552 0.51621 1.52005 -0.100062 
4.98914e-05 1.89548 -18.7101 6.75321 0.551692 0.302094 -0.572235 
4.98914e-05 1.43898 -19.4188 6.81486 -1.1818 1.19183 -0.327064 
4.98914e-05 1.73079 -18.5265 6.85093 0.268559 1.11309 -0.326914 
4.98914e-05 1.33465 -19.1521 6.79201 -0.241235 1.81537 -0.52883 
4.98914e-05 1.60507 -18.6643 6.87109 0.591318 0.748174 -0.376851 
4.98914e-05 1.28576 -19.0416 6.66019 -0.276666 1.63659 -0.530741 
4.98914e-05 1.55208 -19.3914 6.57426 -0.991027 1.43091 -0.519416 
4.98914e-05 1.97485 -19.3433 6.66043 -1.08959 0.3428 -0.940554 
4.98914e-05 1.35262 -19.2836 6.8241 -1.09553 1.44515 -0.274447 
4.98914e-05 1.49524 -19.4326 6.8917 -1.14853 1.24743 -0.181264 
4.98914e-05 1.83679 -18.7351 6.66498 0.650421 0.4256 -0.246479 
4.98914e-05 1.99929 -18.8817 6.7665 0.0153618 -0.303407 -0.82709 
4.98914e-05 1.42479 -18.6901 6.80176 0.253218 1.39759 -0.312072 
4.98914e-05 1.57164 -18.7726 6.90427 0.762215 0.997486 -0.306523 
4.98914e-05 1.31331 -18.8438 6.76144 -0.341076 1.57391 -0.85647 
4.98914e-05 1.6503 -19.5948 6.84521 -0.969569 1.14007 -0.464802 
4.98914e-05 1.74973 -19.3289 6.79623 -1.65558 0.853747 -0.944945 
4.98914e-05 1.41821 -18.9889 6.69598 -0.133977 1.92267 0.0326151 
4.98914e-05 2.056 -19.4009 6.86274 -1.02857 0.403212 0.00983799 
4.98914e-05 1.65233 -18.781 6.90095 0.723588 1.36547 0.00829035 
4.98914e-05 1.45453 -18.5709 6.88625 0.152697 1.01395 -0.550956 
4.98914e-05 2.00008 -19.2607 6.82302 -0.830451 -0.251938 -0.050119 
4.98914e-05 2.03387 -19.3919 6.94805 -0.952167 0.293701 -0.639475 
4.98914e-05 1.92146 -19.2435 6.95806 -1.23809 -0.0792849 -0.431566 
4.98914e-05 2.2229 -18.7471 6.87313 -0.181681 0.28876 -0.387572 
4.98914e-05 1.90881 -19.4425 6.88015 -1.18148 0.367469 -0.665693 
4.98914e-05 2.20233 -19.0516 6.91818 -0.608344 0.0261813 -0.323577 
4.98914e-05 1.98168 -19.2483 6.60147 -0.821942 -0.00532103 0.138653 
4.98914e-05 1.38774 -19.094 6.89351 -0.734245 1.92919 -0.343047 
4.98914e-05 1.36107 -19.1454 6.87159 -0.234515 1.82472 -0.717732 
4.98914e-05 2.09156 -18.9002 6.77557 0.372718 0.0971245 -0.666116 
4.98914e-05 1.43318 -19.3511 6.81725 -1.08054 1.51616 -0.0981266 
4.98914e-05 1.55916 -19.3788 6.6498 -0.988304 1.18996 0.373167 
4.98914e-05 1.45772 -18.7126 6.77199 0.469252 1.24023 -0.257943 
4.98914e-05 2.17547 -19.2723 6.83284 -0.688352 0.112032 -0.0739044 
4.98914e-05 2.2086 -19.0024 6.77614 -0.596024 -0.0327467 -0.502061 
4.98914e-05 2.0411 -19.2139 6.99322 -0.648847 -0.0970255 -0.0999823 
4.98914e-05 2.07406 -18.9909 6.67913 -0.0242744 -0.235872 -0.473341 
4.98914e-05 1.57331 -18.6305 6.79255 0.442159 0.682458 -0.762001 
4.98914e-05 1.34341 -19.1106 6.93379 -0.396828 1.6143 0.207768 
4.98914e-05 1.93923 -18.5365 6.70679 0.231674 0.690495 -0.379955 
4.98914e-05 1.47078 -19.2818 6.87065 -1.04311 1.78422 -0.582777 
4.98914e-05 1.39217 -19.1693 6.88459 -0.418526 1.93193 -0.177968 
4.98914e-05 2.12088 -19.3624 6.8468 -0.931279 0.270801 -0.077978 
